data/TQ19.asc
ncols 200
nrows 200
xllcorner 510000
yllcorner 190000
cellsize 50
[rows 144 to 179 of 200, columns 81 to 161 of 200]
134.2 135.1 136 135.9 137 139.6 140.9 141 140.9 139.3 141.1 144 145.7 146.1 145 142.6 139.7 137.5 135.4 133 130.4 127.4 123.6 119.8 115.9 114.6 112.1 109.4 104 103.9 106.1 109.1 112.6 112.8 109.8 109.1 106.8 104.2 106.9 108.4 111 113.1 114.7 118.8 122.8 124.1 122.8 121.4 120 118.9 119.1 115.9 112.8 109.2 107.7 107.4 108.2 104.2 99.7 96.2 92.6 90.4 93.7 96.7 98.5 99.8 99.5 97.6 94.7 91.7 89 86.1 85.3 83.3 81.8 80.7 79.9 80.3 80.7 80.1 80.2
135.6 135.9 136.1 135.9 136.4 137.9 138.6 139.8 140.6 141.3 142.1 142.9 143.4 143.6 142 140.1 138.3 135.9 132.9 131.3 129.7 127.1 123.5 120.5 117 115.9 115.3 110.6 104.9 103.9 104 105.9 109 109.8 108.2 104.7 104.4 101.5 103.9 106.3 107.8 109.5 114.1 118.6 121.3 121.8 120.6 119.1 116.5 115.8 116.4 114 110.7 105.9 103.6 102.1 102.1 100.4 97.3 94 90 88.4 89.6 92.7 95.2 96.4 95.7 93.5 91.5 89.6 86.9 84.3 83.3 81.7 80.5 79.5 78.7 79.6 80 80.1 80.2
136.3 136.9 136.2 135.9 134.3 134 135.4 136.6 137.2 139.7 142.7 142.3 142.7 142.4 140.4 138.6 136.7 133.4 129.5 126.4 126.5 126.6 123.8 121 119.1 115.7 115.8 111.8 106.7 103.9 103.9 103.9 103.4 103.9 103.6 103.4 101.7 99.7 100.4 102.9 103.9 108.2 113.5 117.3 118.3 118.7 118.2 116 113.4 112.4 113.5 111.7 108.2 104.4 101 99 96.8 95.3 93.3 90.9 88.9 87 88.2 89.3 91.6 93.1 92.5 91.5 89.5 87.6 85.8 83 81.3 80.3 79.9 78.2 77.5 78.4 80 80.7 80.3
136 135.4 134 132.3 130.5 130.4 132.3 133.2 133.5 137.3 141 141.3 143 142 139.6 136.9 134.1 132 126.7 123.1 124.2 123.9 122.6 120.3 115.8 113.8 112.8 110.9 106.5 103.9 103.9 103.2 101.3 101 100 101.1 100.6 99 99 103 106.6 107.7 111.6 113.6 113.9 114.5 114.8 113.6 111 108.3 110.2 108.5 105.1 103.2 100.9 98.6 95.7 92.2 89.5 88.6 87.3 84.8 85.8 87.1 90.1 91.6 91.4 89.5 87.7 86.1 84.8 82.6 80.3 79 77.7 76.6 76.1 76.6 78.8 79.8 78.7
130.3 131 129.4 126.4 127.7 129.6 130.8 129 129.3 133.8 137.6 139.7 141.6 140.4 137.7 132.3 129.4 129.7 125.7 119.8 120.6 120.7 119.8 118 113.5 110.6 108.7 107.1 105.6 104.4 103.9 103.1 100.9 97.9 96.3 98.6 97.9 98.3 99.6 105.7 106.2 106.4 105.7 105.4 107 109.5 111.1 111.1 108.8 104.9 104.5 103.5 101 99.9 100.2 97.8 94.4 91 88.3 86.7 85.5 83.8 83.8 85.2 88.5 91.1 90.4 88.6 86.4 85.8 84.2 82 79.6 77.6 75.8 74.1 74.1 75.2 76.8 77.8 77.3
124.4 125.3 123.7 124.8 126.5 127.5 127.6 122.8 123.1 127.3 134 137 139.1 139.2 136.3 132.3 127.7 125.2 123.7 118.9 116.5 115.6 116.3 114.6 112.1 108 105.7 103.9 103.8 103.8 103.6 102.4 100.3 96.9 94.2 94.3 95.2 97 100.2 104 105.8 105.9 101.7 99.1 100.7 102.7 104.9 105.9 105.4 102.3 100.7 99.7 98.8 98 98.2 97.3 94.3 91.2 87.9 85.5 83.6 83.1 83.6 84.6 86.8 88.6 88.9 87.2 86 84.9 84.3 82.8 79.9 76.9 75 73.9 73.9 74 75.8 75.8 75.8
123.2 119 118.3 120.7 122.7 123.1 121.3 115.8 119.7 123.6 130.8 133.7 136.4 137.4 136.6 134.2 125.9 123.4 121.6 118.7 114.1 112.1 111 110.8 108.6 107.2 104.6 102.8 102 102.2 102.3 101.4 99.3 96.3 94.4 94.1 94.4 96.7 99.2 101.2 102.5 101.2 97.5 95 95.1 97 99 101 100.2 99.4 98 96.9 96.1 95.7 96.1 96.4 93.2 90.5 87.4 84.6 82.7 81.8 82.3 83.2 85.2 86.2 86.6 86.3 86.2 85.7 85 83.7 81 78.1 75.6 74 73.9 73.9 74.6 73.7 72.5
124.2 119 114.1 114.4 115.6 114.3 112.1 109.6 116.8 123.3 127.7 130.8 133.9 136.2 135.6 133.7 127 123.2 121.2 118.7 115.6 112.8 109.1 107.1 106 105.3 103.3 101.3 100.6 100.8 100.8 100.3 98.8 95.4 93.9 92.2 92 94.1 95.8 96.6 95.5 94.6 92.8 92 93 94.4 95.2 95.6 95.8 96.1 95.2 94.5 93.6 92.8 93.2 93.4 91.2 88.7 86.2 83.3 81.3 80.7 81.1 81.7 83.3 84.3 84.7 84.7 85.5 86 85.3 83.7 82.2 80.5 79.3 76.5 75 73.9 74 72.2 70.1
122 117.8 110.9 108 106 105 103.5 111.4 118.3 122.8 124.9 127.9 130.9 133.6 133 132.3 128.5 123.8 121.5 119.2 116.5 113.2 109.3 105.9 104 103.3 101.5 99.7 99.1 99.6 98.7 97.3 95.9 94.3 92.5 90.7 89.6 91.7 92.3 91.4 91.1 90.4 89.5 90.4 91 91.9 91.5 92.4 92.4 92.3 92.3 92.3 91.6 90.3 90.8 90.1 89.2 87 84.5 81.9 80 79.5 79.9 80.5 81.4 82.4 82.5 83.4 84.5 85.3 84.8 83.6 82.2 80.6 81 80 77.5 74.8 73.8 72.3 70.9
117.9 114.2 109.1 104.6 98.5 96.5 104.6 111.7 117.9 120.7 122 124.8 127.7 130.7 131.3 131 127.5 123.8 121.6 119.2 116.2 112.8 109.9 106.8 104.5 102.5 99.6 99.1 99.1 98.2 95.9 94.1 94 92.8 91.6 90.9 89.4 90.1 89.6 88.7 87.6 87 86.9 88.9 90.1 90.1 89.3 90.4 90.1 89.8 90 91 90 89 88.3 86.6 85.5 84.7 82.5 80.3 78.9 78.8 78.7 79.3 80 80 80.7 82.1 83.5 84 84 83.2 82.3 80.8 81 80.8 78.8 76.4 74.5 73.1 71.7
114.3 111.3 106.6 101.6 95.8 96.4 104.3 111.1 113 114.5 121.1 123.2 125.1 127.5 129.5 129.7 126 123.8 121.3 119.3 116.3 113.7 110.8 107.8 105.9 103.9 102.7 101.2 100 98.2 96 93.9 93.4 92.2 91 90.4 89 89.2 89.2 87.8 86.5 85 83.9 86 87.3 87.8 87.6 88 88.7 88.4 88.7 89.5 89.4 88 86.9 86 84.6 82.5 80.5 78.9 77.8 77.5 77.6 77.7 78.2 78.9 79.8 81.2 82.6 82.9 82.9 82.5 82.1 81.2 81.1 81 78.7 77.4 75.4 73.8 72.3
111.8 106.3 100.8 98.2 93.2 94.5 99.7 104.3 110.1 116 118.6 120.8 122.7 124.6 126.3 127 126.1 123.7 121.1 119.3 117.2 115.1 111.6 109.1 106.8 106 106 103.3 100.9 98.6 96.9 94.9 93 91.8 90.4 91 90.3 90.2 88.8 87.3 85.9 83.9 83.9 84.3 85.2 85.2 85.5 85.9 86.3 86.9 87.8 89.3 88.7 87 85.6 84.7 82.8 80.7 79 77.9 76.7 76.3 76.1 76 76.5 77.4 79.2 80.6 81.8 81.9 81.9 81.6 80.8 80.5 81.1 81.1 80.4 78.1 76.3 74.7 73
105.3 102.9 97.6 94 90.2 89 97.2 103.9 108.6 113 115.4 117.5 118.8 120.8 122.4 124 124.5 123 121.2 120.4 117.5 115 111.4 108.8 106.3 106 106 104 101.4 99.1 97 94.8 92.6 91.1 89.8 89 91.1 90.4 88.7 86.9 85.1 84.4 84.3 83.9 84.7 84.4 84.4 84.6 84.6 85 86.6 87.3 87.5 85.7 84.4 82.9 80.9 79.3 78 76.8 75.6 74.9 74.7 74.5 74.5 76 77.6 79.7 81 80.9 80.9 80.6 79.9 79.4 80 80.6 79.8 77.4 75.9 74.5 73
97.6 97.1 94.3 89.7 88 92.3 97.2 101.2 105.8 110.3 110.1 113.2 114.7 116.2 117.6 120.6 122.2 121.5 120.6 118.9 116.3 112.5 108.7 106.8 105.9 105.5 105.1 103 100.8 98.3 96.2 94 91.8 89.9 89.1 89.6 90.1 90 88.3 86.6 84.8 84.5 83.5 83.1 82.7 83 82.8 83.1 83.5 84 84.5 84.9 85.7 84.7 83.4 81.5 79.3 78.3 77.3 75.8 74.6 73.8 73.8 73.7 74 74.3 75.9 78.2 80.3 80.2 79.9 79.6 79 78.9 79.3 80 78.9 76.6 75.2 73.9 72.5
94.4 89.4 88 86.7 86.1 92.2 94.6 100.2 105.8 107.3 106.2 109.2 111.2 111.9 112.7 115.1 119 120.3 119.2 117 114.2 110.3 106.3 104.1 103.4 103.2 102.9 101.9 100.1 97.5 95.3 93 91.3 89.8 88.9 88.9 88.8 88.7 88 86.2 84.5 84.1 83 82.1 80.8 81 81.2 81.5 82 82.6 83.1 83.6 84.2 83.3 81.8 80.5 78.5 77.7 76.7 75.1 73.9 72.9 72.8 72.9 72.9 74 74.2 76.4 78.4 78.3 78.5 78.5 78.2 77.7 78.1 78.8 78.1 75.9 74.5 73.4 72.4
91.7 87.7 84.6 84.5 86 89.8 93.6 99.1 103 103.2 101.6 105.1 105.6 106.8 108.3 110.8 114.2 115.8 116.3 114.9 112 108.8 104.1 101.4 100.8 100.7 100.8 99.9 98.8 96.5 94.2 92.7 91.2 89.9 88.4 87.8 87.6 87.5 87.4 85.9 84.9 84.6 82.6 80.9 79 79 79.6 80 80.7 81.3 81.9 82.6 82.9 81.7 80.3 78.9 77.7 76.5 76.1 74.6 73.2 72.2 71.6 71.8 71.9 73.3 73.9 75.4 76.3 76.5 77.2 77.3 76.7 76.7 76.7 76.9 75.8 75.3 74.5 73.5 72.5
87 84.4 81.8 83.6 86.1 88.2 92.6 96.4 99 98.4 99.5 101.2 101.1 102.7 104 105.9 109.2 111.2 111.9 111.5 109 107.5 104.1 99.4 98.6 97.2 98.2 97.8 96.6 94.8 93.9 92.9 91.3 89.8 88.2 86.5 86.3 86.1 86.1 86.3 85.4 84.6 82.9 80.7 79.4 79.5 79.4 79 80.6 80.2 81 81.6 81.4 80.2 78.7 77.3 76.1 75 74.7 74.1 72.7 71.3 70.5 70.5 70.7 71 72.6 74.2 74.6 75.3 75.8 75.8 75.1 75.2 75.4 75.2 74.7 74.2 73.9 73 72.2
82.6 80.2 79.6 81.7 84.7 88 90.6 93.1 94.8 94.3 94.3 96.7 98.1 99.1 98.8 101.5 106.1 107.7 107.3 108.1 106.9 106.6 104.1 99.8 96.7 94.2 95.5 96.2 95.9 93.9 93.1 92.1 91.2 89.9 88.1 86.1 84.6 84.6 85.4 85.6 85.5 84.6 83.6 81.7 80.3 80 79.8 79.2 79.7 79.1 79.8 80.4 79.8 78.6 77.2 75.7 74.7 74.6 74.6 73.6 71.9 70.7 69.7 69.3 69.3 69.3 69.9 71 72 73.1 74 73.5 73.7 73.9 74 74.2 73.6 73.1 72.9 72.4 71.6
79.8 79 80.7 82.6 84.7 87.4 89.9 90.8 91.4 91 91.2 93.7 94.8 95.6 95 98.8 103.6 105.3 105 105.5 106.3 105.5 103.7 100.5 97.2 94.9 94.1 94.2 94.7 92.8 92.2 91.2 90.3 89.3 87.6 85.8 84 84 84.7 84.6 84.3 83.6 83.2 82.6 81.2 80.6 80 79.5 78.3 77.8 78 78.1 77.6 77 75.4 74.3 74.1 74.5 74.9 74.1 72.2 70.4 69.1 69.4 69.3 69.1 68.9 69.5 70.2 70.9 71.7 72.3 72.4 72.5 72.7 72.8 72.6 72 71.7 71.5 71
77.8 78.4 79 80.5 83.9 86 87.3 88.1 87.8 87.8 88.9 91.3 92.1 92 93.4 95.5 98.9 100.1 100.3 103.4 105.4 104.6 102.9 101.1 98.7 96.5 92.9 90.2 90.8 91.6 91.3 90.3 89.5 88.5 87.1 85.7 83.9 84.5 83.8 83.2 82.7 82 82 82.1 80.7 80.7 79.3 78.6 77 76.3 75.7 75.7 75.4 75.4 75 74.6 74.1 74.4 75.2 74.4 72.8 71.5 70.3 69.9 69.2 69.2 68.7 68.7 68.9 69.6 70.7 70.9 71.1 71.2 71.4 71.5 71.6 70.9 70.6 70.3 70.1
75.9 76.9 77.9 79.6 81.7 83.3 84.6 85.2 85.2 85.3 86.3 89.1 89.4 89.1 88.9 91.2 92.4 93.5 97.7 101.4 104.7 103.5 102 101.2 99.2 96.1 92.5 89.5 89 90.1 89.8 89.1 88.1 87.3 86.3 85.4 84.2 84.3 83.1 82.1 81.1 80.7 80.8 80.5 80.3 79.1 79.1 78.7 76.7 75.2 74.8 73.9 73.9 74.8 74.4 74 74.2 74.6 75.7 75.3 75 73.7 72.5 71 69 69.4 68.4 68.6 68.5 68.3 69.2 69.8 69.9 70 70.1 70.2 70.3 70.2 69.3 69 71
75.5 76.1 77 78.2 79.4 80.6 81.6 82.3 82.8 83.1 84.5 86.3 86.7 86.1 86.9 86.9 89 94.7 100.3 102.1 103.6 101.9 100.7 99.7 98.2 95.7 92.5 89.9 89.6 87.7 87.8 87.4 86.6 85.9 85.7 85.6 84.5 83.6 82.4 81.2 80 79.6 79.5 79.5 79.4 79.2 79.5 78.9 76.9 74.9 74.2 74.2 73.9 73.9 73.9 73.8 74.3 74.8 75.7 75.8 76 75.9 74.2 72 70.6 71.1 69.8 69.2 68.1 67.2 67.6 68 68.8 69.1 69.1 69.2 69.3 69.5 68.9 68.7 69.2
75 75.5 76.5 77.3 77.5 78.2 79.3 80.1 80.5 81.4 82.8 83.6 84 83.5 85 86.8 87.8 96.3 100.8 101.7 100.4 100 99.2 97.9 96.3 94.7 92.6 90.8 89.4 85.8 85.4 86.2 85.4 84.7 85.8 85 84.4 84 82.9 81.6 79.8 79.4 79.4 79.2 79.3 79.4 79.3 79.6 78.7 77.8 76.6 75.1 75.4 74.9 73.8 73.5 74.3 74.8 74.9 75 75 75.8 75.1 73.1 70.6 71.1 71.1 70 68 66.6 65.9 66.4 66.9 67.6 68.2 68.3 68.4 68.6 68.1 68.4 69
74.5 76 75 75.4 75.1 76.3 77.5 78.2 78.5 79.4 80.2 81 80.9 80.5 83.1 85.8 88.7 95.7 99.2 100 99.2 98.6 97.3 96 94.5 92.7 92 91.3 88.5 85.2 84.1 84.7 84.1 84.6 85.8 86 84 84.8 83.9 82.5 81.7 80.8 80.3 80.4 80.8 80.8 81.3 81.5 80.8 80.1 79.1 76.9 75.1 74.6 73.9 73.1 73 72.8 72.2 71.8 72 72.4 72.8 72.4 70.7 70.9 71.1 69.5 67.7 66.2 64.9 64.7 65.2 65.7 66.7 67.4 67.6 67.8 67.4 68.1 68.8
73.5 74.2 74.2 74.6 74.4 75.2 76.7 76.6 76.9 77 77.8 78.5 79.3 79.4 81.8 84.7 88.1 93 96.8 98.3 97.9 97.1 95.9 94.6 92.4 90.4 89.7 89.3 88.1 85.4 81.9 81.2 81.9 83.4 85.9 86 85.3 84.9 85.4 84.5 84 83 82.2 82.3 82.9 82.7 82.2 82.6 82.7 81.2 79.6 77.8 75.9 74.3 73.1 72.2 71.7 71.3 69.8 70.1 70.3 70.3 70.2 70.1 70.2 70.2 70.2 68.4 66.7 65.2 64.2 64.1 64 64.3 66.1 66.3 66.7 66.9 67.1 67.8 68.5
72.4 73.1 73.3 73.6 74.4 75.3 76.3 76.5 75.5 74.9 75.7 76.5 77.5 78.7 81.4 84.2 87.8 91.8 95.2 96.5 96 95.3 94.5 92.9 91.4 89 89 87.3 86 84.7 81.1 79.1 79.5 82.8 85.8 86.1 87.8 88.2 87.8 87.1 85.9 84.6 83.9 84.3 84 82.8 81.4 80.9 81 80.1 79.5 77.7 76 74.5 73 71.5 70.8 71.1 69.4 69.5 69.1 69.1 69 68.9 68.9 68.9 69.1 68.2 65.7 64.1 64.4 64.6 64.5 64.6 64.6 65.1 65.6 66.1 67.1 67.8 67.7
71.1 72.1 72.1 72.3 73.3 74.3 75.3 76.1 74.7 74 74 74.6 76.6 78.8 81.4 85 88.4 92.2 93.7 94.3 94.2 93.4 92.7 92.2 90.5 90.9 88.8 85.4 85.3 82.8 80 78.9 78.8 81.8 84.7 86.8 89.6 91 91.1 89.4 87.2 84.4 84.5 85.5 85.2 83 81.1 79.5 79.5 79.3 79 77.1 76.1 74.4 72.4 70.5 69.6 69.9 69.3 68.8 68.4 68.1 67.8 67.7 67.6 67.5 68.1 68.6 66.1 64 64.4 64.8 64.6 64.4 64.5 64.7 65.2 65.7 66.8 67.3 67.2
69.9 71.1 70.9 71.1 72 72.9 74.6 75.2 74.2 74 74.1 74.4 76.3 78.7 81.3 84.8 88.6 90.4 90.9 91.6 91.9 91.3 91.7 91.9 90.7 90 87.8 85.8 85 82.4 80.3 77.2 76.1 79.3 83.6 86.9 90.3 91.1 91.1 90.6 87.7 85.9 85.9 86 85.1 82.9 80.6 79.1 79.4 79.4 77.7 75.2 74.9 73.4 71.2 70.2 70 69 68.4 68 67.7 67.5 66.9 66.4 66.3 65.9 66.5 67.1 66.5 65.6 64.8 64.6 64.4 64.4 64.5 64.6 64.8 65.3 66.4 66.8 66.7
69.1 70.6 70.8 70.1 70.6 71.7 72.6 72.8 73 73.7 74.9 75.5 77.3 79.1 81.2 84.3 86.9 88.2 88 87.9 88.6 89.4 90.4 91.2 90.1 87.8 86 83.9 81.9 80.5 79.3 77.4 74.5 79.1 83.3 85.7 89.8 91.1 91.1 88.6 85.6 85.9 85.9 85.3 84.5 83.2 81.1 80 79.7 79.8 77.7 75 73.6 72 70.4 70.4 69.3 68.5 67.8 67.6 67.4 67.2 66.8 65.2 65 64.3 65.4 64.6 65.2 64.8 64.2 64.1 64 64.1 64.3 64.5 64.8 64.9 65.6 66.3 66.1
68.6 68.6 69.3 69 69.3 70.1 70.2 70.3 71.1 73 75.2 76.2 78 79.8 82.1 82.8 84.7 85.4 84.6 84.8 85.7 86.6 87.4 88.1 87.3 85 83 81.2 79.6 78 76.8 74.5 73.9 79.7 83 84.6 85.5 87 86.5 84.7 84.1 86.1 88 88 86.5 84.6 83.2 82.7 82.1 80.7 77.5 74.6 72.9 71.3 70.3 70 69.1 68 67.7 67.5 67.3 67 66.6 65.5 63.9 63.9 64.1 64.7 64.4 64.2 63.7 63.5 63.5 63.6 63.8 64 64.1 64.2 65.5 66.2 65.8
67.2 67.8 69.2 69.1 69.1 69.1 69.1 69 70.3 72.5 74.6 76.8 78.5 80.5 81.4 81.6 81.8 82.4 81.8 82 82.9 83.7 84.6 85.1 84.4 82.7 80.7 79.2 77.5 75.9 74.4 74.1 74.9 80.1 81.3 80.7 79.4 80.1 79.9 80.6 83.1 87.7 91.1 91.3 89.6 88.1 86.1 84.4 82.5 79.6 76.9 74.1 71.4 70 69.2 68.7 68.1 67.5 67.5 67.4 67.2 66.8 66.3 65.5 63.9 63.9 64.4 64.3 63.9 63.5 63.2 63 63.1 62.9 62.9 62.9 63 64.2 64.7 65.7 66
66.4 67.4 68.9 69.3 69.4 69.4 69.4 69.6 70.3 72 74 76 78.4 80.1 80.1 79.7 79.7 79.7 79.4 79.5 80.9 81.8 82 81.6 80.7 79.8 78.7 77.2 75.5 73.7 72.5 73.5 75.4 78 79.1 77.5 75.7 74.8 76.1 79 83.5 92.3 96.1 95.9 94.3 92.6 90.3 86.6 83.4 79.1 76.5 73.7 70.9 69 68.6 68 67.4 67 67.3 67.3 66.9 66.5 66.1 65.7 64.1 64.1 64.2 63.9 63.5 63 62.6 62.5 62.2 62 61.8 61.9 62.5 62.7 63.4 64.3 64.4
65.3 67.4 69.2 70 70.2 70.7 70.7 70.6 71.2 72.2 73.6 75.3 77.2 79.1 78.4 77.6 77.1 77.1 77.1 77.7 78.9 79.6 79.6 79.2 78.3 77.5 77.3 76.2 74.3 72.3 71.1 71.7 74.3 76.3 76.8 74.9 73.4 73.1 74.2 78.6 85.1 93.2 99.9 100.3 99.2 96.2 94.4 89.1 84.2 78.5 75.9 73.3 70.6 68.3 67.9 67.4 66.8 66.5 66.9 67.1 66.8 66.5 66.1 65.8 64.2 63.9 63.9 63.5 63 62.8 62.5 62 61.6 61.2 60.8 60.6 60.6 61.4 62.4 63.1 63.4
65.4 67.4 69.5 70.6 71.8 72.5 72.4 71.8 72.5 73.2 74.1 75.5 77 77.8 76.9 76.1 75.2 74.5 74.8 75.8 76.9 78.2 77.7 77.2 76.4 75.9 75.9 74.9 73.5 71.5 69.7 70.2 72.4 73.8 74.5 73.1 71.9 71.7 73.1 76.7 83.3 90.5 97.8 101.5 103 101.9 98.3 91.4 85.7 78.6 74.5 71.8 69.7 67.6 67.3 66.7 66.3 66.1 66.5 67.1 67.4 66.9 66.5 66.1 64.7 64.2 63.8 63.6 63.3 63.1 62.8 62.2 61.5 61 60.2 60.1 59.6 60.5 61.6 62 62.3
65.9 68.4 70.2 70.9 72.7 74.2 74.3 73.7 73.4 74 74.8 76.4 77.5 76.8 76 75.2 74.3 73.4 73.5 74.3 75.1 76.1 76.3 75.5 74.7 74.2 73.9 73.4 72.2 70.7 68.9 69.1 70.3 71.7 72.6 72 70.4 70.2 71.7 74 79.8 87.2 95.4 101.3 104.5 103.4 99.7 93 85.5 78.1 73.6 70.3 68.4 66.9 66.4 66.2 65.7 65.7 66.1 66.8 67.6 67.7 67.3 66.9 66.5 65.8 64.4 64.2 63.9 63.7 63.7 63 62.2 61.3 61.1 60.4 59 59.8 60.5 61 61.2
66.8 69.3 70.8 71.1 72.8 75.1 75.8 75.4 75 75 75.6 76.9 76.4 75.5 75.3 74.5 73.6 72.7 72.6 73.3 74.1 75.2 75.2 74.2 73.1 72.6 72.5 72.4 71.2 69.6 69.1 69.4 69.3 70.3 70.4 70.5 69.2 69 69.8 72 76.2 83.2 90.6 96.4 98 95.8 93 87.6 81.8 75.7 72.2 69.7 67.6 66.2 65.1 64.8 65.3 65.4 65.8 66.5 67.4 68.2 68.1 67.7 67.2 64.9 64.1 64.8 64.6 64.8 65 64.2 63.2 62.5 61.8 60.4 59 59 60 60.6 60.8
