data/TQ19.asc
ncols 200
nrows 200
xllcorner 510000
yllcorner 190000
cellsize 50
[rows 0 to 35 of 200, columns 81 to 161 of 200]
73.5 75.2 74.3 69.4 72.8 77.4 82.5 86.6 90.5 91.3 93.3 93.7 93.3 92 90.8 89.9 86.3 84.1 81.2 79.9 81.4 87.5 92 96.5 99.1 101.3 101.2 101 99.7 97 94 90.9 94.3 97.7 100.2 100.8 98.1 95.8 92.3 88.6 85.5 82.7 80.1 77.5 75.5 73.1 70.6 69.3 72.8 82 88.8 93.8 95.1 97.9 100.5 101 100.7 100.3 98.8 98.9 101 100.4 101.1 100.7 99.9 98.4 96.6 96.2 95.8 96 97.4 97.6 98.2 99.2 100.1 100.9 100.9 100.8 100.6 100.7 100
78.1 79.9 80.8 77.4 73.7 75.2 80.9 84.8 91 91.8 93.2 93.4 94.6 93.2 92.2 90.7 88.6 86.3 83.4 80.4 81.3 86.6 91.3 95.7 98.4 100.7 101 101 99.4 96.7 94.2 93 94.5 97.8 99.3 99.6 99.1 95.9 92.9 89.3 86.7 84.5 81.8 77.9 75.7 73.6 71.4 70.5 73.7 81.2 87.3 91.5 90.9 96.1 98.8 100.3 99.7 99.3 99 99 98.9 101.2 101.8 101 100 97.9 95.1 96.1 95.6 96.9 99.5 100.1 99.5 101.9 102.7 104.4 104.6 105.8 106.2 105.6 104.1
82.3 83.4 83.6 81.3 76.8 74 78.5 83.1 87.7 90.9 93 94.1 94.9 94.4 93.4 91.8 89.7 87.6 85.5 83.2 81.7 86.8 91.4 95.6 98.3 100.5 101 100.2 98.6 96.7 94.4 95.4 98.1 98.7 100.2 100.3 100.2 96 93.1 89.9 86.3 85.6 82 78.7 75.2 73.2 71.8 70.2 72.4 79.5 85.3 86.5 88.1 93.9 96.7 97.7 97.1 97.4 98.2 99.1 99.1 101.8 102.1 100.3 99.8 97.2 94.4 94 94.4 97.2 99.9 100.8 101.7 104.5 105.9 108.1 109.5 110.6 111.5 110 108.5
85.6 86.3 85 82.8 79.1 75 75.6 81.6 86.1 89.3 92 93.8 94.7 94.3 93.6 92.8 90.7 88.5 86.3 83.8 83.3 86.6 91.4 95.3 97.5 99.7 100.4 99.4 98.9 97.2 97.2 99.9 100.4 100.6 100.8 100.9 99.2 96.3 92.9 89.1 84.1 83.2 79.9 79.3 77.5 74.5 72.1 71.2 71.1 78.1 81 81.7 85.5 90.7 92.9 94.9 95.2 94.9 96.2 97.9 98.6 99.9 100.2 99.8 97.5 95.5 93.2 93.8 95 96.7 98 101 103.1 105.2 109.4 112.5 114.1 115 115.2 114.3 112.7
87.8 87.5 86.4 84.1 80.3 78.1 78.5 81.8 85 87.9 90.7 93.2 95.1 95.1 94.3 94.2 91.6 90 87.5 84.5 83.9 85.7 89.9 93.1 95.1 96.9 98.7 99.3 99 99.2 99.3 100.7 101.1 102 101.2 101.1 99.5 94.8 89.3 87.9 85.3 84.4 82 81.7 80.1 77.1 73.6 73 70.6 73.9 76.4 80.7 84.9 89.4 91.4 92.7 93.9 94 94.6 97.1 99.1 100.3 98.9 97.8 95.9 93.6 91.3 91.7 94.4 94.9 98.5 101.6 103.8 106.7 111.2 115.1 117.9 119.4 118.9 118.4 117
89.2 89.2 88 85.4 82 79 79.3 82.7 85.7 88.4 91 93.3 95.6 96 96 95.6 92.9 90.5 88 85.3 84.1 84.4 88.1 92 94 95.7 97.4 98.2 98.9 99.8 100.6 101.5 102.5 103.6 101.5 101 98.7 93.2 92.8 90.7 88.8 86.4 85.5 86.2 83.3 79.4 75.2 73.7 70.6 71.3 78.1 84.3 86.4 90.8 91 91.3 92.5 94.1 96.1 96.7 97.5 98.6 96.6 95.2 93.7 91.5 89.7 89.6 93.4 95.8 99.3 102.2 105.1 108.8 113.6 116.9 120.1 121.2 121.4 121.2 119.6
91.2 91.1 89.1 86.2 83.3 79.7 79.7 83 86.4 89.1 91.5 93.9 96 95.9 95.8 95.8 94.7 91.9 89 87 84.8 84 86.2 90.2 92.7 94.2 96.5 98.6 101 101.1 102 103.1 104.1 105.1 102.9 99.7 98.9 98.6 97.9 94.7 92 90.2 89.3 88.1 85.1 81.5 76.9 73 69.7 71.9 77.8 83.6 86.6 89 91 91 90.3 93.9 96.1 95.8 96 96.8 95.3 92.7 91.1 90.1 89.3 90.3 94.1 96.5 99.6 103.2 107.4 111.1 115.2 117.3 120.1 121.1 121.4 121.6 121.2
91.9 91.3 90.3 87 84.5 81.5 81.7 83.6 86.9 89.7 92.1 94.4 96 96 95.9 95.9 95.2 93.7 90.3 89.4 87.4 84.4 84.6 89.2 91.7 93.9 96.1 98 100 101.4 103.3 104.6 105.8 106 103.9 101.3 100.7 101.6 100.4 97.9 95.3 94.2 93.3 90.4 86.7 83.4 80.3 74.7 69.6 71 75.9 81.8 84 85.2 87.9 87.7 89.5 92.3 94.5 96 96 96 93.7 90.2 89.1 89 89.1 92.2 95.4 96.1 99.2 102.5 106.8 110.5 113.5 115.6 117.3 120 121.3 121.8 123
91.5 91.2 90.7 87.8 85.1 83.6 83 84.7 87.6 90.1 92.5 95.1 96.5 97.2 97.2 97.2 95.9 94.5 93.1 92.4 90.1 86.5 84 87.7 91.4 94.1 96.2 96.8 98.8 100.8 102.9 105.4 105.9 105.7 105.2 105 104 103.1 101.5 99.7 97.6 95.9 96 90.3 86.7 83.5 80.4 75.7 70.5 69.5 74.7 78.7 81.2 79.1 83.3 85 89.4 91.7 93.7 95.4 96.1 95.3 91.5 89 88.9 88.8 89 92.4 95.8 96.9 99.1 101.8 105.1 107.8 109.6 111.9 113.6 116.9 120.7 122 123.9
92.2 91.9 90.4 87.5 84.6 83.9 83.9 84.7 88.3 90.5 92.9 95.1 97.1 97.9 98.5 97.9 96.6 95.9 95.6 95.5 92.4 89.1 87.3 88.6 90.2 93.6 95.3 95.7 97.5 99.8 102.2 105 106.5 106.9 107.1 106.7 105.4 103.9 102.2 100.7 98.6 96.6 92.6 83.8 86.2 82.4 79.7 75.8 75.1 69.5 71.5 73.9 77.6 79 81.3 85.4 89.6 91 91.8 93 93.8 92.6 90.4 89.1 88.7 88.7 89.4 92.5 95.6 96.6 98.1 100.2 101.7 104.1 105.4 107.9 110.9 114.7 118.9 121.8 123.8
93.5 91.9 90.4 88.6 85 83.9 83.9 85.3 88.7 90.9 93.8 95.7 97.2 99.1 99.9 99.6 98.8 97.5 96.3 96.2 94.3 91.3 88.8 88.8 89 89.5 91.7 93.8 96.3 97.8 100.3 103.5 105.7 107.2 107.8 106.3 104.9 104 101.7 99.6 99.4 96.1 93.8 88.2 86.2 82.6 79.1 77.9 76.7 74.8 69.7 69.3 75.1 77.2 80.7 84.7 87.9 89.6 90.1 89.9 90.5 90.8 89.4 87.8 87 88.1 89.9 91.9 95 95.5 96.3 97.6 99.3 100.7 102.6 105.6 109.2 112.9 116.9 121 123.1
93.9 92 90.4 87.8 85.2 84.1 83.9 86.5 89.3 91.6 93.5 95.8 98.3 100.3 101.1 101.1 100 98.6 97.4 96.3 94.5 91.5 89.2 88.9 89 89.3 89.8 91.2 94.7 95.5 98.4 101.6 105.4 106.2 106.2 105.4 104.6 103.8 102.1 99.8 100.4 100.8 97.8 92.7 87.2 82.8 80.9 80.5 78.6 75.8 75.6 73.3 71.4 74.4 78.4 82.4 85.8 87.3 88 87.4 87.2 87.2 87.2 86.6 85.2 86.2 89.2 91.1 92.8 92.9 93.1 94.4 96.6 99.2 101.8 104.7 107.3 110.7 115.1 119 121.4
92.8 91.5 90.2 88.7 85.5 83.9 85.2 87.8 90.2 92.3 94.3 96.4 99.1 101.1 101.1 101.1 100.9 100.1 98.7 96.7 94.9 92.2 89.1 89.6 90.6 90.5 89.8 89.3 92.1 95.1 98 101 104 105.8 105.8 104.8 104.1 103.4 102.4 100.5 100.4 100.2 98.2 94.5 88 84.8 84.5 83.6 80.5 77.4 74.8 72 72.1 74.9 77.5 80.1 83.2 84.1 85.1 84.8 83.9 84.6 85.4 85.7 84.7 84.7 87.3 89.2 90.7 90.4 90.2 92.6 96.3 98.8 100.8 102.4 105 108.2 113.1 116.3 119.3
90.7 90.9 90.9 89.3 86.1 83.9 86.2 89 91 93 95 97.3 99.7 100.3 101.1 101.1 101.1 101.1 99.2 97.2 95.2 93.4 92 94.1 95.3 95.2 94.1 91.4 92.8 94.5 97.8 100.7 102.5 104.6 105.6 104.2 103.1 102.3 101.6 101.3 100.7 100.3 97.9 94.6 90 89.1 88.3 85.2 82 79.3 76.8 74 73.7 74.6 76.2 78.3 79.3 79.9 79.8 81.4 81.9 82.5 83.3 83.3 81.9 82.1 85.7 86 87.2 89.2 89.9 93.3 95.8 97 98.6 99.9 102.7 105.6 109.3 113.3 117
91.1 91.1 91.1 89.6 87.7 86.8 88.3 90 91.9 93.8 95.9 98.2 100.5 100.9 101.1 101.1 101.1 101.1 99.5 96.5 94 94 95.2 96.4 96.3 95.8 95.9 94.2 93.9 94.3 95.4 98 100.4 102.6 103.1 103.1 101.6 101.3 100.9 101.4 101 100.5 98.1 93.4 92.1 93.3 90.5 87.2 84.1 81.2 78.7 74 74 73.9 74.3 75.2 75.4 75.8 75.6 77.5 79.6 80.4 80.7 80.6 79.8 79 82.2 84.1 87 90.8 94.4 96 95.9 95.7 96.2 97.8 100.3 102.8 106.1 112.1 114.9
91.1 91.1 91.1 89.9 89.1 88.2 89.6 91.3 93 94.7 96.9 99.2 101 101.1 101 100.9 101.1 101.1 99.5 96.9 94 94.5 96 97.1 96.1 95.4 95.2 94 94 94.1 94.2 95.2 97.3 99.4 100.1 99.9 100.3 100.4 100.9 101.3 101.2 100.9 98.4 95 95.3 96 92.9 89.5 86.3 81.7 78.2 73.9 73.9 73.8 73.9 73.9 73.9 73.9 74.1 74 75.8 77.1 77.5 77.5 78.1 79.1 80.8 84.4 88.1 92.3 95.2 96.1 95.8 94.1 94.5 96.1 98.9 102.8 106.6 111.4 111
91.1 91.1 91.1 90.1 89.3 89.3 91 92.6 94.3 95.9 97.2 99 101 100.9 100.9 100.8 100.9 100.8 99.5 97.4 96.2 95.3 96.9 97.9 96.9 96.1 95.2 94 96.1 95.4 94.3 94.2 95 96.8 98.5 99.6 98.9 100.4 100.9 101.3 101.5 100.9 99.8 97.8 96.7 96.2 94.4 90.7 85.6 81.1 78.4 76.5 73.9 73.8 73.9 73.9 73.9 73.9 74 73.9 73.9 73.9 73.9 73.9 76.9 81 82.2 84.6 88.2 90.9 92.8 95.6 93 91 90.9 94.9 99.1 103.2 107.4 108.5 108.2
91.1 91.1 91.1 91.1 89.4 90.6 92.1 93.7 95.3 97 98.2 99.3 100.7 100.7 100.7 100.7 100.7 100.2 99.5 98.1 97.3 96.7 98 98.8 97.7 96.8 95.6 94.3 95.8 94.8 95 94.6 94.9 96.3 97.3 98.4 99.6 100.2 101.1 101.5 101.8 101.3 100.5 99 97.9 96.8 96.1 89.8 84.3 80.6 80.9 79.6 77.2 74.6 73.9 73.9 73.9 73.9 73.9 73.9 73.9 73.9 73.9 73.9 76.8 79.9 81.8 84.2 86.7 88.4 90.5 91.6 89.5 89 89.1 94.9 99.2 102.7 104.7 104.7 104.5
91.1 91.1 91.1 91.1 91.2 91.9 93.4 95 96.5 98.1 99.2 99.8 100.6 100.6 100.7 100.8 100.7 100.1 99.7 99.1 98.5 98.3 99.3 99.5 98.4 97.3 96.1 95.7 95.9 96.1 96.3 95.8 95.4 95.8 97 98.1 99 99.7 100.5 100.8 101.2 101 100.5 99.4 97.9 96.2 93.6 88.6 85 85.5 85.1 82 79.6 77.2 75.4 74.8 74.4 75 75 74 73.9 73.9 73.9 73.9 75.6 77.5 79.5 82.3 84.8 86 87.4 87 89.1 89 89.8 93.7 98.1 100.4 101.5 101.4 101
91.1 91.1 91.2 91.2 91.5 92.4 93.2 94.7 96.3 98.2 100.2 100.4 100.7 101.1 101.3 101.3 100.9 100.4 100 99.2 99.6 99.8 100.7 100.2 99 97.9 97.2 97.1 97.3 97.5 97.1 96.6 96.5 96.3 96.7 97.7 98.5 99.6 99.8 99.2 100.6 100.8 100.9 99.4 97.4 95.9 92.8 89.3 88.9 89.2 86.9 83.7 80.8 78.9 78.4 76.9 76.5 76.4 76 75.3 74.2 73.9 73.9 73.9 73.9 75.7 78.7 81 82.1 84.4 84.4 89.5 90.7 91.1 92.4 94.5 96 96.8 98 98 96.9
90.3 91.2 91.3 91.4 91.5 92.8 93.8 94.9 96 98.4 100.1 100.9 100.9 101.2 101.4 101.3 101 100.6 100.3 98.9 101 101 101 101 99.8 99 98.3 98.5 98.8 98.5 98 97.4 97.1 97 97.3 97.9 98.9 99.6 99.2 100.4 100.9 100.9 100.8 99.8 97.9 96.7 95.4 93 93.3 90.6 87.7 84 82.4 81.8 80.6 79 78.3 77.8 77.3 77.6 76.7 73.9 73.9 73.9 73.9 74.2 77.1 80.6 80.6 81.3 85.5 89.4 90 90.6 91.9 92.8 93.4 93.1 93.8 93.7 92.6
89.5 91.2 91.4 91.5 91.6 92.5 93.5 94.5 95.4 97.3 99.3 100.5 100.6 100.8 101.3 101.2 101.2 101.1 101.1 101 101 101 101 101 101 100.2 99.7 99.2 98.9 99.6 99 98.4 97.5 97.4 98.1 98.8 99.5 99 99.7 100.5 101.3 101.8 101.2 100.2 99.5 98.4 97.3 97 96.1 93.7 88.1 84.2 84.5 85.9 83.6 81.1 80.2 79.3 79.7 80.1 78.9 75.9 73.9 73.9 73.9 73.9 74.9 78.2 79.1 81 84.2 86.6 90.3 89.7 90.6 91.3 90.9 89.5 90.2 89.8 89.3
89 91.1 91.2 91.4 91.6 91.8 92.7 93.7 94.6 95.8 97.7 98.6 99.3 100.7 101.1 101.3 101.3 101.2 101.1 101.1 101.1 101.1 101.1 101.1 101 101 100.9 99.7 100.3 100.6 100 99.3 98.4 98.2 98.9 99.6 100.3 100.3 101.2 101.7 102.4 103.1 102.7 101.4 100.8 99.8 99.4 97.8 96.5 95.2 90 87.3 84.6 86.1 85.7 84 82.9 81.4 80.4 80.8 80.7 78.2 75.1 73.9 73.9 74.1 76.2 78.9 80.6 83.8 86 86.3 89.2 89.7 90.3 90.7 90.1 88.5 87.3 87 87.8
88 89.9 91 91.2 91 90.8 91.6 92.5 93.7 94.9 95.9 96.8 98.3 99.9 100.9 101 101.2 101.3 101.2 101.2 101.1 101.1 101.1 101.1 101.1 101 100.9 101 100.8 100.9 100.4 99.3 99.6 99.4 99.6 100.3 101.3 102 103.1 103.6 104 104.6 104 102.5 100.4 100.7 99.8 96.8 96.1 91.5 90.5 87.4 85 87.4 87.2 85.2 84.9 83 81.4 80.7 80.9 80.3 77 73.9 73.9 74.2 77.9 80.8 81.5 84.2 86.1 86.5 87.7 88.5 89 89.8 88.2 86.8 85.6 85 86.9
87.2 88 89.1 90.2 89.5 89.3 90.4 91.6 92.8 94.1 94.5 96.4 98.2 100 100.9 100.9 101 101.1 101.2 101.2 101.2 101.2 101.1 101.1 101 101 100.8 101.1 101.4 101.1 100.6 99.7 99.7 100.2 100.9 101.9 103.1 104.1 104.4 105.1 105.6 105.6 105 103.3 101.1 101 98.3 93.4 89.6 86.2 86.3 86.2 85.9 85.9 85.8 85.2 85.5 83.6 81.8 80.7 80.7 78.4 76.9 74.7 73.9 73.9 75.9 78.9 80.7 83.7 85.8 86.2 85.7 86.9 87.6 87.6 86.4 85 84 84.6 86.5
86.2 86.8 87.2 87.8 89 89.1 89.8 91.2 92.5 93.8 94.2 96 98.5 99.9 101 100.9 100.9 101 101.1 101.1 101.2 101.2 101.1 101.1 101 100.9 100.9 101.2 101.7 101.6 101.6 100.8 101.4 102.1 102.3 103.6 104.7 105.1 105.1 105.6 105.9 106 105.6 103.7 101.5 101 97.9 93 88.7 85.4 84.4 84 85.7 85.9 85.4 86.1 83.9 82.7 81.2 80 77.7 75.6 74.2 74.7 73.9 73.9 73.9 75.1 79.4 81.9 83.8 83.9 84.2 84.8 85.9 85.8 85 84 84.7 85.6 86.3
85.1 85.1 85.3 86.9 88.2 89.2 90.5 91.7 92.7 93.8 95.3 96.6 99.3 100.3 100.8 101 101 101 101 101.1 101.2 101.2 101.1 101.1 101 100.9 100.9 101.2 101.8 102.1 102.1 102 103.4 103.5 103.8 105.2 105.7 106.1 106.3 106.4 106 106 105.1 103 100.8 99.1 96 92.2 88 84.6 84.5 85.4 85.6 84.1 83.9 83.3 82.2 81 80.1 78 75.5 73.9 73.9 75 75 73.9 73.9 74.1 76.6 80.4 80.7 79.7 80.5 82 83.2 83.4 83.5 84.4 85.4 86.1 84.9
82.8 84.7 83.9 86.5 88.5 90.4 90.4 91.5 92.5 93.6 95 97.5 99.6 101 101.1 101.1 101 101 101 101 101 101.1 101.1 101.1 101 101 101 101.3 101.9 102.2 102.6 103.3 104.6 105.2 105.6 105.9 105.9 106 106.6 106.5 106.2 105.1 103.5 102.1 101.2 97.8 93.7 90.3 87.3 84.6 84 83.2 82.8 82.6 81.2 80.5 79.6 79.8 78.7 76 74.1 73.9 74.8 76 76.2 75.1 73.9 74.4 74.3 75.6 77.9 78 78.5 79.8 80.6 80.3 81.4 82.4 84.1 84.1 84.1
80.4 82.8 85.2 87.4 90.1 90.7 90.7 91.2 92.3 93.5 94.9 97.2 99 100.1 99.7 99.7 99.9 100.5 101 100.4 100 99.8 100.2 100.4 100.9 100.6 100.5 101.1 101.7 102.3 102.7 103.1 105 106 106 106 106 105.1 105.1 104.6 103.7 102 100.5 100 99 96.1 91.7 88.7 86 83.9 82.4 81.1 80.3 79.7 79.3 79.6 79.6 78.5 76 74.8 73.9 75.2 77 77.8 78.6 77.4 74.9 74.1 74 73.9 75.1 76.5 78.1 79.4 79.7 79.5 79.4 81.3 83.7 84.3 84
79.8 83.1 85.7 87.9 90.5 90.9 91 91.1 92.1 93.4 94.8 96.6 98 98 98 98.1 98.3 98.9 99.5 98.8 98.1 97.9 98.2 98.6 99.2 99.3 100.1 100.7 101.3 101.9 102.4 102.4 103.3 104 104 103.2 102.6 102.1 101.7 101.3 100.2 98.8 97.9 98 96.7 95.4 91.2 88.3 85.8 84.7 82.9 80.5 79.8 79.8 79.3 79.6 80 79 75.8 75.2 77.3 79.1 79.7 80.1 81.5 80 77.5 74.3 74 73.9 74 75.9 77.8 78.7 78.8 79.1 79.3 81.9 84.4 85.4 85.1
80.9 83.1 85.4 88.5 90.6 91.2 91.3 91.4 92.1 93.6 94.9 96.3 96.3 96.3 96.4 96.6 96.8 97.1 97.5 96.9 96.3 95.9 96.4 96.8 97.6 98.8 99.7 100.3 100.9 101.6 102.2 101.9 101.3 101.3 100.6 99 99.1 99.3 98.9 97.8 96.7 95.6 94.8 94.9 94.4 92.5 89.4 88 86.2 85.5 82.6 80.1 79.1 80.6 81.2 81 80.4 79.2 78 79.1 80 81.4 82.7 83.1 83.1 81.5 79.5 76.8 74.4 73.9 73.9 76.1 76.8 77.2 77.4 78.3 79.7 82.3 85.3 86.1 86.1
81.7 83.4 84.7 87.8 89.1 90.1 90.4 90.3 91.5 93 94.5 94.7 94.6 94.7 94.9 95.1 95.3 95.6 95.5 94.9 94.4 94.1 94.5 95.3 96.7 97.9 99.2 100.3 101.1 101.7 101.8 101.4 100.8 100 98.6 96.9 96.4 96.7 96.6 95.6 94.6 93.4 92.7 92.7 92.1 90.1 87.4 86.7 84.9 83.4 81.2 79.2 79.4 82 83.8 81.9 80.5 79.5 79.3 80.9 82.2 83.3 84.2 86.1 84.8 82.8 80.5 78.1 76.2 74.3 74 74.7 74.7 75.2 76 77.4 79 80.6 82.6 84.2 85.5
81.4 82.8 84.1 85.9 87.1 87.5 87.9 88.5 90.1 91.5 92.9 93.2 92.9 92.9 93.1 93.3 93.5 93.6 92.8 92.4 93.1 94.4 94.3 95.1 95.8 97.3 98.7 100.2 101.1 101.4 101.4 100.8 100.1 98 96.7 95.2 94 94.3 94.4 93.6 93 91.5 90.4 89.9 90 87.8 85.6 84.1 83.7 82.3 80.8 79 79.6 83 85.5 82.4 80.1 79.5 79.6 81.3 84.3 85.5 86 86.1 86.1 84 81.7 79.6 77.7 74.9 75 73.9 73.9 73.9 75.5 76.3 78 79.3 80 80.7 81.4
80.4 81.9 82.8 84 85.3 85.3 85.6 86.8 88.9 89.5 90.5 91.2 91 91 91.1 91.3 91.4 91.6 89.6 91.5 92.6 93.4 94.2 94.7 95.1 96.5 98 99.4 100.7 100.5 100.6 98.7 97.1 95.4 94 92.7 92.4 92.2 92.3 92.4 92 90.9 89.2 89.3 88 85.8 84.1 84 84.1 84.2 81.9 81.1 81.7 84.8 84.6 81.4 79.2 78 78.9 81.3 85.5 86.1 86 85.8 86 85.3 82.9 80.9 78.5 75.3 75.7 74.2 75.1 74.5 74.3 75.4 76.7 78.4 79.2 79.3 79.3
79.5 80.4 80.7 81.5 83.3 83.9 83.9 85 86 87 88 89 88.6 88.7 89.4 89.3 89.3 89.1 91.1 91.4 91.6 92.5 93.2 94.1 94.5 95.9 97.3 98.4 98.9 97.9 96.8 95.8 94.3 92.8 91.3 90.4 90.2 89.7 90.2 90.4 90.2 89.2 88.7 88.5 86.9 84.6 84.1 84 84.1 84.2 84.3 83.9 85.1 85.3 83.7 81.6 79.2 77.1 77.8 80.3 85.4 86.4 86.6 86.4 85.9 85.7 83.5 81.6 79.8 77.9 75.7 75.2 76.2 76 75.9 76.1 76.4 77.2 78.4 78.7 78.9
79.2 79.2 79.2 80.7 83.5 83.9 83.9 83.9 84.3 85.1 85.8 86.2 85.8 86.5 88.9 89.3 89.2 91 91.3 91.5 91.1 91.6 92.6 93.2 94.2 94.7 96.2 96.5 96.9 95.8 94.1 92.8 91.5 90 89.4 88.8 88.1 86.7 85.9 86.1 86.9 88.1 88.5 88.1 86.2 85.2 84.1 84 84 84.1 84.1 85.4 85.9 86 84.7 81.3 80.1 78.7 79.3 80.4 85.3 86.5 86.9 87.1 86.7 85.8 83.8 82 80.3 78.4 77.1 76.7 76.9 77.4 77.5 77.6 77.9 78.2 78.3 78.8 78.8
