data/TQ19.asc
ncols 200
nrows 200
xllcorner 510000
yllcorner 190000
cellsize 50
[rows 72 to 107 of 200, columns 81 to 161 of 200]
84.4 85.7 85.8 86 86 85.8 84.2 82.1 80.2 79.8 79.6 79.2 79.1 79 79.5 79.3 79.1 80.1 80.7 81.7 83.4 86.4 92.1 95.8 99 101 101.3 101.1 100.7 100.8 100.9 99.8 96.8 94.4 95.3 96.1 96.1 96.1 96.1 96.1 96.1 96.1 95.9 94 93.7 95.2 94.3 93.8 93.5 92.9 94 96 96.1 96.1 96.1 96.1 94.5 93.3 91.8 90.7 89.9 90.6 90.9 90.3 89 89 89 88.9 89 90.1 91.9 94.1 94.7 94.2 94.7 96.4 96.6 97.8 98.3 99.2 101.3
83.9 83.9 85.2 86 86 86 84.8 83 81.4 81.1 81.4 80.6 80.2 80 81.1 79.3 79 79 79.7 80.6 82.6 86.2 91.7 96.7 100.3 99.8 101 101 100.9 100.7 95.8 94.2 93.9 93.9 93.9 93.9 93.9 94 96.1 96.1 96.1 96 95 94 94 95.5 95.1 94.6 94.2 93.8 95.2 96 96.1 96.1 96.1 94.8 94.2 93.2 91.6 89.1 89 89 89.4 89.4 89 89 89 89 89 89 89.8 92.2 94.1 94 94.1 94.2 94.3 94.7 96.5 98.7 100
83.9 83.9 83.9 83.9 83.9 83.9 83.9 84.1 83 83.6 84.7 83.6 82.4 81.2 80 80.4 79.5 79.7 79.1 79.6 82 85.3 90.1 95.3 99.7 98.1 94 95.1 95 93.9 93.9 93.9 93.9 93.9 93.9 93.9 93.9 93.9 95.1 95.9 95.9 95.8 95.6 94.7 94.9 95.5 96 95.9 95 94.1 94 96.1 96.1 96.1 95.4 94.5 94.1 93 91 90 89.6 89.6 89.4 89 89 89 90.4 89 89 89 89.6 92.2 93.7 93.8 94 94 94 94 95.3 96.8 98.5
83.9 83.9 83.9 83.9 83.9 83.9 83.9 83.9 84 85.6 86.4 85.1 83.6 83 82 81.7 81.6 80.8 79.4 79 81.1 83.6 87.6 92.5 95.6 94.5 92.5 93.9 93.9 93.9 93.9 93.9 93.9 93.9 93.9 93.9 93.9 93.9 95.2 95.9 95.7 95.9 96.7 96.5 96.3 96.4 96.8 96.7 95.7 94.4 96.1 94.1 94.4 93.7 93.4 93.9 93.6 93.5 93.5 92.7 91.6 90.4 89.5 89 89 89 89.4 90.6 90.4 90.6 91.8 93.7 94.3 94 94.6 95.6 95.4 94.8 94.8 96.2 98.4
84.3 83.9 83.9 83.9 83.9 83.9 83.9 83.9 85.6 87.6 87.9 85.6 84.1 84.1 84.2 83.7 82.6 81.1 79.7 79 79.6 81.8 84.8 88.4 89.8 89.6 91.4 93.9 93.9 93.9 93.9 93.9 93.9 93.9 93.9 93.9 93.9 93.9 95 95.7 96 97.4 98.2 98.5 97.3 97.3 97.7 97.3 96.5 95.6 95.5 94.7 94.4 93.8 93.4 93 93.2 93.8 95.5 94.9 93 91.6 90.2 89 89 89 89 90.1 92.5 93 94 96.4 98.3 98.8 99.3 99.4 99 96.9 96.4 97.5 99.1
84.5 83.9 83.9 83.9 83.9 83.9 85 87.9 89.9 90.4 89.3 86.5 83.9 83.9 84 84.6 84.1 83.1 82.2 80.7 79 80 81.7 84.6 85.7 86.4 87.4 93.9 93.9 93.9 93.9 93.9 93.9 93.9 93.9 93.9 93.9 93.9 93.9 94.6 97.1 98.7 99.9 99.7 98.5 98.3 98.4 98.1 97.8 96.5 95.3 95 94.3 93.9 93.5 93.1 93.2 94.3 96.1 95.2 93.4 91.6 89.4 89 89 89 89 90.4 93 95.4 96.4 98.7 100.2 101 101 101 100.6 98.2 98.1 98.7 100.7
85.7 83.9 83.9 83.9 83.9 83.9 87.6 91.1 91.1 91.1 91.1 87.3 84.1 83.9 84.2 85.5 86.7 86.3 85.2 83.4 82 80 80.2 82.5 83.6 84 87.4 93.9 93.9 93.9 93.9 93.9 93.9 93.9 93.9 93.9 93.9 93.9 93.9 93.9 96.1 98.9 101 100.8 99.6 100.6 100.5 99.7 98.9 97.1 95.4 94.6 94.3 94.2 93.9 93.4 93.1 94.9 95.8 94.7 92 90.7 89 89 89 89 89.5 91 93.7 95.5 97.7 100.2 100.5 100.9 101.4 101.8 101.5 98.9 98.9 99.9 102.2
85.6 83.9 83.9 83.9 83.9 85.4 88.9 91.1 91.1 91.1 91.1 88 84.3 83.9 85.5 86.9 88.3 89 88.5 86.3 84.8 82.9 81.4 83 83.5 83.9 84.7 93.9 93.9 93.9 93.9 93.9 93.9 93.9 93.9 93.9 93.9 93.9 93.9 93.9 93.9 96.6 99.4 100.8 102.4 103.6 102.9 102.2 99.5 98.5 97.3 95.7 95.3 95.1 94.6 94.1 94.6 95.7 96.1 93.4 90.7 90 89 90.3 90 90.1 90.9 91.8 94.2 95.2 96.8 99.1 99.8 100.3 100.8 101.4 101.2 98.9 99.8 101.8 105
85.4 84 83.9 83.9 84.5 85.9 88.7 90.5 91.1 91.1 91.1 89 85.5 84.8 86.3 88.2 89.6 90.5 90.3 89.3 86.8 84.4 83.8 84 83.8 83.9 84.5 93.9 93.9 93.9 93.9 93.9 93.9 93.9 93.9 93.9 93.9 93.9 93.9 93.9 93.9 94 97 100.8 103.8 106.7 105.7 103.7 100.8 99.2 99.2 98.7 97.7 96.1 95.5 95.5 96.1 96.1 95 92 89.5 89.2 90.7 91.8 91.8 91.8 92.3 93.2 94 94.2 95.9 97.5 98.7 99.6 100.4 101.1 100.9 99.4 101.2 103.6 106.8
85.4 84.6 84.1 84.9 85.7 87.5 89.4 90 90.9 91.1 91.1 90.1 86.4 84.9 85.7 87.8 89.4 90.3 91.1 90.6 89.4 86.2 85.2 85.1 84.8 84.5 84.3 93.1 93.9 93.9 93.9 93.9 93.9 93.9 93.9 93.9 93.9 93.9 93.9 93.9 93.9 93.9 93.9 100 105.2 108.4 107.5 104.9 102.6 101.5 100.3 100.9 100.2 98.4 96.7 95.4 95.9 95.9 94.8 92.8 90.3 91.4 93.2 94 93.8 93.7 93.2 94.1 94 94 94.6 96.5 98.5 99.2 99.5 100.7 100.7 100.1 101.6 104.2 107.2
84.6 84.2 84.4 85.3 86.5 87.7 89.1 89.7 90.7 91 90.9 90.7 87.3 84.7 85.3 86.2 88.4 89.9 90.8 91.2 90.7 89.7 88.2 88.3 88.3 87.7 85.5 91.7 93.9 93.9 93.9 93.9 93.9 93.9 93.9 93.9 93.9 93.9 93.9 93.9 93.9 93.9 93.9 99.3 106.6 110.8 109.9 106.6 104.8 103 101.5 100.6 100.9 99.5 97.5 95.8 94.6 94 94 93.7 93.8 94.8 96.2 96.6 96.4 95.6 95 94.6 94.4 94.6 95.3 96.6 98.2 99.2 100.3 101.9 101.4 101.7 103 103.8 106.6
83.9 84 85.1 86.1 87.1 87.9 88.6 89.4 90.4 90.7 90.7 90.5 88.8 86.5 85 85.2 86.8 89.3 90.8 91 90.8 90 89.1 89.2 90.8 90.9 88.6 87.5 93.9 93.9 93.9 93.9 93.9 93.9 93.9 93.9 93.9 93.9 93.9 93.9 93.9 93.9 94 101.4 107.6 111 109.8 106.9 104.9 103.4 101.8 100.5 100.9 98.9 98.6 97.3 96.1 94 94 94 95.6 97.8 99 99.2 99 98.2 97.3 97.1 96.3 96.4 97 98.3 99.6 100.9 102 103 104 103.7 104.1 104.2 106
83.2 84.5 85.6 86.5 87.3 88.3 89.5 90.4 91.5 91 90.3 90.3 88.9 89 87.4 85.4 86.6 89.6 89.6 90.7 90.9 91.4 91.4 91.8 91.7 91 89.8 91.6 93.9 93.9 93.9 93.9 93.9 93.9 93.9 93.9 93.9 93.9 93.9 93.9 93.9 96 101.7 103.8 107.6 110.2 109.3 106.1 105.4 103.2 101.5 100.1 98.9 98.9 98.9 98.9 98.9 97.2 95.7 95.6 98.2 100.4 101 101.2 101.4 101.1 100 99.5 98.4 98.2 98.6 100.2 102 103.7 106 106.6 106.2 105.9 105.2 104.5 104.9
83.4 84.9 86.2 87.5 88.7 89.9 90.8 91.9 92.8 92.7 91.9 90.6 90.2 90.3 90.3 87.8 89.3 89.4 89.5 90 93.3 94.7 94.9 95.5 93.9 92.1 90.8 92.4 93.9 93.9 93.9 93.9 93.9 93.9 93.9 93.9 93.9 93.9 93.9 93.9 94.5 105.6 108.8 109.4 110.2 109.4 107.9 105.2 104.2 102.6 100.7 99.1 98.9 98.9 98.9 98.9 98.9 98.9 98.9 99.5 101 100.7 101.6 103.4 103.8 103.8 102.7 101.7 100.6 100 100.9 102.7 104.5 106.6 109.8 111 110.1 109.4 108.6 107.2 105.9
83.8 85.3 87.9 89.1 90.4 91.3 92.1 93.3 94.1 94.7 93.6 92.4 92.2 92.3 91.2 89.4 89 89 89.7 92 95 95.5 96 96.1 94.7 93.5 92.7 92.7 93.9 93.9 93.9 93.9 93.9 93.9 93.9 93.9 93.9 93.9 93.9 93.9 100.6 108.8 114.8 114.1 110.7 109.1 107 105.4 103.8 101.9 100 98.9 98.9 98.9 98.9 98.9 98.9 98.9 98.9 98.9 98.9 100.8 101.9 104.5 106 106 104.4 103.5 102.3 102 103 105.6 107.4 110 112.6 114.3 113.9 113 112.1 111.7 110.4
84.2 85.7 88.5 90.8 91.8 92.6 93.3 94.8 95.5 96.2 95.3 94.4 94.3 94.5 93.3 90.6 89 89 89.7 92.5 95 96.1 96.4 95.8 95.9 95.5 94.7 95 94.6 93.9 93.9 93.9 95.7 95.9 93.9 93.9 94.1 93.9 93.9 93.9 100.1 107.7 114 114.7 110.8 108.6 106.6 104.9 103.3 101.4 99.9 99.2 99.3 99.3 99 98.9 98.9 98.9 98.9 98.9 98.9 98.9 100.8 104.3 106.1 106.1 105.7 104.8 103.8 103.9 104.6 108.5 111 113.7 117 119.5 118.7 117 117.1 116.4 114.5
84.8 86.3 89.2 92.1 93.3 94 94.6 95.7 96.6 96.9 95.7 95.3 96.1 96 94 90.4 89.3 89 90 93.2 95.2 95.9 96.2 96.2 96.6 97.1 96.6 97.2 96.9 95.5 100.1 99.6 99.3 100 97.9 96.1 96.4 94.7 93.9 93.9 98.6 104.3 110.4 110.8 109.6 107.7 105.7 104.8 103.5 102.4 101.3 100.3 100.2 100.2 99.6 98.9 98.9 98.9 98.9 98.9 98.9 99 101.6 105.1 106.2 107.2 107.6 106.7 105.7 104.5 106.8 110.3 113.7 117.8 121 122.6 121.9 120.6 121.4 120 117.2
85.9 87.1 89.8 92.8 95.2 95.2 95 96.4 97.5 97.4 96.6 96.5 95.7 95.4 94.8 90.6 90.1 90.5 90.5 92.7 94.8 95.2 96.7 97.1 97.6 98.3 99.7 100.4 99.2 99.3 101.4 101.9 102.5 102.2 101.8 100.1 99.1 96.8 95.5 95.3 98.8 101.7 106.5 108.9 108.1 106.3 104.5 104.3 103.6 102.2 101.2 100.7 100.6 100.6 100.5 98.9 98.9 98.9 98.9 98.9 98.9 99.6 102.8 105.5 106.6 108.4 109.7 109.5 108.3 107.2 108.8 112.2 116.8 121.1 124.1 125.8 125.7 125.4 124.9 123.6 120.4
87.6 88.1 90.5 93.4 95.8 97.4 97.4 98 98.7 98 97.3 96.1 95.1 94.3 94 92.5 92.2 92 91.6 93.5 94.5 94 96.4 97.6 99.2 100.9 102.3 102.4 103.1 103.8 105 106.1 106 105.4 105.2 103.1 100.7 100.7 100.9 101.4 101.6 103.3 105 106 106.1 105.4 104.2 103.7 102.8 101.9 101.6 101.1 100.8 101 100.4 98.9 98.9 98.9 98.9 98.9 98.9 100 102.6 105.7 105.7 108 110.2 110.9 110.2 109.5 110.5 113.8 118.3 122.5 125.8 128.1 129 128.9 128.5 127.8 125.9
89.1 90.5 91.6 93.6 96 98.9 99.8 99.5 99.4 98.3 97.7 96.6 95.1 94.2 93.9 94.6 94.2 93.8 93.4 94.2 94.3 95.1 97.2 99.7 102 103.6 105 104.9 105.8 108.5 109.6 110.3 109.6 108.9 109.8 106.6 104.5 104.5 104.8 105.4 104 104.8 105.8 106.1 106.1 106 104.7 103.9 103.2 102.1 100.5 100.4 100.1 100.1 99.9 98.9 98.9 98.9 98.9 98.9 98.9 99.7 101.8 104.2 105.3 106.8 109.5 110.9 110.5 111.8 112.6 115 119 122.9 126.3 129.1 130.9 132 132 131.5 129.8
89.5 92.1 93.5 95 97.3 100.5 101.1 101.1 99.6 98.6 98.2 97.8 97 96.4 96.1 96.3 96.1 95.7 95.3 94.7 94.6 96.4 98.6 101 103.8 106.4 108.3 109.6 109.9 111.5 114.8 113.7 113.2 114.8 114.3 111.1 108.5 108.6 110.3 108.1 108.1 108 106.3 106.2 106.1 105.9 105.2 104.2 103.8 103 100.3 98.9 98.9 98.9 98.9 98.9 98.9 98.9 98.9 98.9 98.9 99.2 101.2 103 104.2 106.2 108.6 110.7 112 113.6 114.7 117.1 120.2 122.9 126 129.9 131 133.4 134.3 134.7 134
89.1 91.3 93.6 96 98.1 100.7 101.1 101.1 100.9 99.2 99.3 98.8 98.9 98.9 98.7 98.5 98.2 97.7 97.3 96.6 96.7 97.9 100 102.4 105.5 109.1 112.3 114.4 114.6 115.2 117.4 117.4 119.1 119.7 118.1 115.3 112.8 111.6 111.5 111.1 110.9 110.2 108.8 106.5 105.8 105.9 104.1 104.6 104.4 103.8 101.6 100.7 99.6 98.9 98.9 98.9 98.9 98.9 98.9 98.9 98.9 98.9 100.3 102 103.6 106.5 107.8 110.5 113.2 115 116.4 119.8 122.1 124.8 127.8 130.5 133.1 135.3 136.7 137.3 137
89.1 90.6 92.9 95.1 97.7 100.6 101.1 100.8 100.5 100.9 101.1 101.6 101.7 101.8 101.7 101.6 100.8 99.8 99 98.6 98.9 99.7 101.7 104 107.1 110.5 114.1 116.8 119 119.7 121.1 122.7 124.5 124.5 121.2 119.8 117.5 115.5 114.5 112.1 110.7 108.9 108.9 106.6 105.4 104.5 104 104.2 104.3 104.4 104.5 103.3 101.7 100.3 100.4 98.9 98.9 98.9 98.9 98.9 98.9 98.9 100.3 101.5 103.4 106.4 109.3 112 114.5 115.7 118.4 122.1 124.8 126.5 130.2 132.6 135.6 137.1 138.8 139.9 139.4
89 90.2 92.4 94.7 97 99.6 101 100.5 101.1 102 103.2 104 104.8 105 105.1 104.8 104.4 103.1 101.7 100.7 101 102 103.9 105.6 108.7 112 115.5 118.3 120.5 123.5 124.9 126.3 127.1 126.7 125.1 123.9 121.3 119.2 115.5 113.1 111.3 110.8 108.6 107.1 104.5 104.4 104.2 104 104 105.5 105.8 105.3 103.1 101.8 99.7 98.9 98.9 98.9 98.9 98.9 98.9 99.9 100.9 102.3 104.5 107.7 111.1 113.8 116.7 118.7 121.6 125.2 127.4 129.6 132 134.7 135.8 137.4 140 141.2 141.9
90.4 90.5 91.9 94.1 96.3 98.1 99.9 101.6 102.5 103.4 105.1 107.4 108.3 108.4 108.8 108.8 108.5 107.2 105.3 103.4 103.1 104.8 107.6 107.9 110.7 113.7 116.9 119.9 123.2 126.6 128.4 129.6 128.9 127.5 125.7 124.5 121.6 120.4 115.5 112.6 110.8 110.9 109.3 107.7 105.7 105.3 105.3 105.4 106 106 106 106 104.2 103.5 101.4 98.9 98.9 98.9 98.9 98.9 99.4 100.1 101.3 102.5 105.2 108.7 112.4 115.8 119 122.2 124.9 126.8 129.1 130.7 133.3 136 138.2 140.1 140.7 142.4 143.1
91.9 91.8 92.6 93.8 95.4 97.8 100.7 101.9 103.8 105.3 108.6 111.4 111.5 112.5 112.8 112.7 112.6 111.2 108.5 106.8 104.1 106.5 110.6 112.1 113.2 115.6 119.9 123.3 126.5 129 130.9 131 129.3 127.3 125.6 122.5 119.9 117.2 114.2 111.8 109.6 109.1 109.4 107.9 106.8 105.9 105.9 105.4 105.9 106 106 106 105.9 104.6 101.9 98.9 98.9 99.1 99.8 100.3 100.9 101.5 102 103.5 105.5 108.8 112.7 116.8 120 123.4 126 127.9 129.9 131.5 134.1 136.6 138.3 141.1 141.4 143.6 144.6
93.8 93.5 93.4 93.9 95.7 98.3 101.3 102.7 104 107 110.6 115.7 116.8 117.1 116.8 116.6 116.3 114.9 112.2 109.1 106.9 108.3 113.5 115.4 116.4 118.3 121.3 126.2 129.6 131.1 130.8 130.7 127.9 126.1 123.7 120.8 117.7 115 112.5 110.4 109.1 109 109 108.4 108 107.1 106.3 105.4 105.7 105.7 105.7 106 106 105.1 103.2 102.5 101.4 101.3 100.6 101.1 101.7 102.4 103.2 104.3 106.1 109.2 113.6 117 119.9 123.6 126.4 128.2 130.3 131.6 134.8 136.6 138.2 139.4 141.6 143.7 145.5
97 96.6 95.9 95.5 96.7 99.3 100.4 102.8 104.2 107.5 112.1 116.5 120.3 120.2 120.1 119.9 119.4 118 116.4 113.1 109.1 111.2 113.9 116.3 119.4 122.4 124.2 128.2 131.3 130.8 130.5 130.1 126.4 124.4 121.9 119.3 115.7 113.9 112.3 110.2 109.2 109 109.4 109 108.8 107.8 106.6 105.2 105.6 105.2 106 106 105.7 105 103.5 101.7 101.3 101.9 101.9 102.1 102.8 103.7 104.5 105.5 107.2 110.9 114.9 117.5 119.7 123.3 125.7 127.9 129.4 131 133.4 135.8 136.3 138.5 140 142.3 144.1
100.5 102.2 102.4 100.7 100.3 99.7 100 102.5 105 108.5 111.9 117 120.8 122.4 123 123.4 122.4 121.1 118.4 115.3 112 114.4 116.3 118.2 121.5 125.7 127.6 130 131.7 131.6 129.6 128.8 125.2 120.7 118.8 116.7 113.9 114.3 113.1 111.9 111.4 111.2 110.4 110.3 109.5 108.3 106.8 104.9 104.2 104.6 105.3 105.1 104.6 104.3 102.4 101 100.5 101.3 102.1 102.9 103.5 105 105.6 105.9 108.1 112.3 116 117.2 119.5 121.9 124.6 125.1 126.2 128.4 130.2 131.3 132.5 135 137.3 140.4 142.6
105.9 109.6 109.5 106.5 103.7 103.1 103.4 103.9 107.3 111.9 114.8 117.9 121.5 124.9 126.2 126.9 125.8 124.7 121.1 116.9 113.8 117.9 120.5 120.9 125.1 129 130.8 132.2 131.7 131.6 129.9 126.4 122.8 119.1 119.2 116.6 115.6 116.4 115.9 114.5 113.6 112.8 110.9 111.1 109.3 108 106.1 104.6 104 104 103.9 104.2 104 103.8 102.3 101.3 100.8 101.6 102.5 103.3 104.1 103.9 103.9 104.8 107.3 110.9 113.5 115.1 116.5 118.5 120.2 121.4 122.9 124.6 126.6 127.7 129 130.2 133.5 138.1 140.7
109.8 116.3 116.2 112.2 108.8 109 109 107.4 109.6 116.1 119.3 120.2 123.4 127.4 129.5 130.2 130.1 127.8 123 118.1 117 120.3 124 125.8 129.6 132.3 134 134 132.7 130.7 129 124.4 120.2 119.6 121.4 121.1 120.4 120.8 118.7 117.3 116.2 114.2 111.2 109.2 107.8 106.4 104.9 104.1 103.8 103.7 103.7 104 103.4 103.1 102.5 101.9 101.6 102.4 103.2 103.7 104 103.7 103.6 103.8 104 106.8 110.3 112.2 113.4 115.6 116.7 116.7 119.4 121.7 123.2 124 126.1 127.8 131.1 135.5 136.3
112.2 119.2 121.3 117.6 114.7 116.3 113.3 111.6 112.4 119.2 123.6 124 124 129.7 132.6 133.1 132.8 130.3 125.2 121 119.9 124.3 127.6 130.2 133.2 135 136 134.3 131.7 129 126 124.1 121.5 122.4 124.8 125.2 125.5 125.8 124 119.7 117.5 114.5 111.5 108.9 107.4 105.9 104 103.9 104.1 104 103.6 103.9 104.2 103.7 103.6 103 102.6 103.1 103.4 103.7 103.9 103.6 103.3 103.4 103.6 103.8 105.5 108.9 110.9 112.9 113.9 115.2 117.2 118.5 119.8 121.2 123.1 125 128.7 130.2 131.1
117.2 121.3 124.3 122.4 121.3 122 117.9 115.6 115.6 119.9 126 127.2 128.1 132.5 135.3 135.3 135.1 132.3 128 126.3 125.3 128.7 131.2 133.4 135.8 134.7 135.1 132.9 130 126.7 123.9 124.1 125.2 126.7 128.3 129.2 128.9 127.9 125.8 121.3 117.9 114.7 111.4 109.3 107.6 106 104.4 104.4 104.3 104.3 104.1 104 104.4 105 105 104.8 104.2 103.3 103.3 103.6 103.9 103.5 103 103.4 103.6 103.9 103.9 106.8 108.7 110.8 112.7 114.3 115.5 116.7 117.8 118.8 120.7 123.1 124.5 127.2 129.8
121.8 124.2 126.4 125.5 125.2 125.3 121.2 121.2 120.5 121.9 127.8 131.4 132.7 135.4 137.4 137.1 135.9 132.3 129.6 132.3 130.9 133.1 135.7 136.6 136.3 135.8 134.5 132 128.9 126.8 127.5 127.3 128.7 130.4 131 131 130.2 128 125.2 120.4 116.9 113.8 111.2 109.2 107.8 106.4 105.2 104.9 104.5 104.1 105.1 104.2 105.1 105.7 106.1 106.4 105.9 104.4 103.9 103.7 103.8 103.5 103.4 104.1 103.7 103.9 105.5 106.8 108.2 109.8 111.9 113 114.2 115.4 116.6 118.2 120.7 122.4 124.8 127.5 130.1
126.3 127 129.8 129.7 129.3 128.3 124 125.8 125.4 124.7 129.4 135.1 134.9 135.3 139.3 139.7 137.7 136.1 134.3 136.3 135 137.2 139.3 139.4 139.2 137.9 135.8 133.9 131.4 129.9 131.7 131.2 132.4 133.1 131.9 131 130.3 126.8 122.7 119.2 115.9 113.3 110.9 109 107.4 105.9 104.8 104.9 104.2 104.2 105.8 104.5 106.4 107.2 107.7 108.1 108.7 108.5 107.1 106.3 105.6 104.7 104 103.9 105.1 105.4 106.3 107.6 109 110.3 110.6 111.7 112.9 114.2 115.6 117.8 119.6 122.7 125.7 129 131
130.9 131.8 132.9 133 133.6 131.1 128.5 130.5 130.1 131 133.2 135.7 138.3 140 141.2 141.9 140.6 139.5 139.2 140.4 139.9 141.6 143.1 143.1 142.6 141.2 139.6 137.1 133.9 133.3 135.3 134.6 135.9 135.9 132.1 129.2 127.7 124.6 120.6 117.9 115.5 113.5 111.3 109.3 107.5 105.7 104.1 105.4 104.8 105.5 106.6 107.3 108.1 108.9 109.7 110.2 110.6 110.7 111.1 109.1 108.8 108.1 105.7 104.8 108.4 108.7 108.2 108.7 109.6 109 109.3 111.2 112.4 113.5 114.5 116.9 118.8 121.6 125.2 128.1 129.1
