data/TQ19.asc
ncols 200
nrows 200
xllcorner 510000
yllcorner 190000
cellsize 50
[rows 144 to 179 of 200, columns 0 to 80 of 200]
102.8 107.6 111.4 114.3 116.2 118.1 119.9 121.6 123.3 124.8 125.5 123.7 122.1 120.1 118.2 115 110.8 107.3 103.6 99.7 95.7 93.2 90.7 88.6 86.5 84.1 81.7 80.9 81.4 81.8 81 80.4 77.8 76.1 74.1 71.4 69.4 70.5 72.3 74.2 75.2 76.2 78.1 79.2 79.7 78.8 78.6 79.3 79.9 81 81 79.3 79 80.8 81 80.5 79.8 80.5 83.1 85.4 88.2 92.7 94.6 95.8 96.6 99.3 102 103.6 104.9 105.3 109.9 114.4 116.3 119.5 122.7 125.3 127 128.3 130.4 131.9 133.3
99.8 104 109.2 112.7 117.5 119.5 121.4 123.6 125.4 127.3 126.7 125 123.5 121.9 119.4 116.3 112.6 108.9 104.7 100.8 97.7 95.1 92.6 90.4 88.4 86.5 84.7 85.4 85 82.7 80.4 79.6 78 76.5 74.7 73.2 70.4 70.6 72.7 73.9 74.7 76.6 78.6 79.7 81 80.5 79 80.1 81 81 81 79.3 79.5 80.5 81 80.1 81 82.6 83.3 84 86.8 90.1 92 92.9 94 95.7 97.9 99.8 100.9 106 110.5 112.9 115.7 117.3 121.4 124.3 125.9 128.2 131.5 134.2 135
98 102.3 106.4 110 115.7 118.7 121.8 124.6 128.3 129.8 128.9 126.9 124.8 122.7 120.3 117.8 114.7 110 106 102.9 100.3 97.9 94.9 92.5 90.5 88.5 87.1 86.1 85 81.4 79.4 79.4 78.7 76.9 75.1 74.7 72.9 72.7 73.9 74.2 74.6 76.5 78.7 80.3 82 83.7 84 81.4 81 81 81 79.3 79 78.9 79.7 79.8 81.6 83.9 84.4 84.1 85.3 88.1 89 90.4 92.2 93.8 95.3 97.1 100.4 104.7 108.4 110.3 113 117.3 120 123.5 124.7 127.3 130.6 135.5 136.3
99.3 104.8 110.2 111.6 114 119.1 123.2 125.6 130.6 130.9 131 127.7 125 122.4 119.8 117.9 116.1 111.8 107.9 105 100.8 100.6 96.9 94.9 92.1 89.2 87.5 85.6 82.6 80.3 79.4 79.4 79.2 77.2 75.5 75.3 74.2 73.8 75.3 76.3 76.8 77.8 78.6 80.1 82.6 84.8 85.1 82.9 80.8 80.4 79.6 78.6 77.6 78.2 79 80.3 82.9 85.2 84 84.1 85.1 87.2 89.4 89 90.8 93 94.3 96.2 98.9 101.6 104.1 107.1 112.1 115.8 120.4 122.6 124.6 126.9 131 135.1 136.1
100.4 105.2 110.8 114.9 118.1 120.3 123.9 126 131 131 130.7 127.5 124.8 122.2 119.6 117.3 115.3 111.8 108.7 105.3 100.1 98.7 97.2 94.5 90.8 88 86.2 84.2 82.1 79.2 79 79.2 79.1 77.4 75.1 73.6 74 75 76.8 78.2 79 79 79.3 79.8 81.9 82.6 82.7 80.5 79.8 79 77.6 76.7 76.1 76.6 77.9 79.6 83.9 86.1 86.1 85.4 86.2 87.4 89.4 90.7 92.3 93.7 95.2 96.5 98.2 101.1 103.8 106.4 111.8 115.1 120.8 121.1 123.3 126.5 129.8 133.1 133.4
101.8 105.8 110.6 115.6 119 122 125 127.4 131 130.9 130.4 127.2 124.6 122.2 119.4 116.8 114.3 111 106.3 102.7 98.2 96.5 96 92.4 89.8 86.9 84.6 81.9 79.9 78.8 78.2 77.6 76.8 74.8 74.2 74.2 74.8 76 78.3 79.6 79.9 79.1 79.4 79.7 80.3 80.3 80.8 78.8 78.7 77.6 76.1 75.1 74.6 74.8 76.7 79.8 83.9 85.9 86 85.7 86.5 88.5 90 92.1 94.8 96.1 96 96.6 98.3 101.2 104.3 106.3 109.4 112.8 116.6 120.8 123.3 126.6 130.1 131.2 130.7
105.2 109.6 112.8 116.6 119.7 122.9 125.6 128.4 130.6 130.9 130.2 126.8 124.2 122.2 119.5 116.4 113 107.7 102.2 98.9 96 94 92.8 89.8 87.5 85.6 82.9 80.4 79.1 78.4 77 75.5 74.2 75.3 76.4 76.2 76.2 77.6 78.7 80.2 81.3 79.3 79.4 79.5 79.5 78.7 78.3 76.9 76.9 76 75.3 74 73.8 74.2 75.3 77.4 79.7 82 84.8 85.6 86.3 88.5 90.4 93 95.6 96.1 96.1 95.1 97.2 100.6 102.6 104.6 107 112.1 117.1 121.2 124 127.1 130.4 131 129.1
107.5 111.2 114.3 116.6 118.9 121.9 124.9 127.7 131 130.9 130.9 127.4 124.7 122.3 118.9 115.4 110.5 106.5 103.5 98.7 95.5 92.2 89.5 88.3 86.9 85.4 82.7 79.4 79.7 78.8 77.2 75.7 75 76.5 78.9 78.3 77.9 79 79.9 80.5 81.3 80.3 79.5 79.1 78.4 77.1 76.3 75.1 74.5 74.4 74.2 73.9 73.6 73.9 74.3 75.6 77.7 79.2 81 83.5 84.2 85.5 89.6 92.1 94.9 95.1 93.6 93 94.6 97.8 99.4 101.5 105.1 111.6 116 120.4 123.8 126.6 129.4 129.2 126.9
108 111.3 112.6 114.7 117.2 120 124.2 126.5 130.1 131.1 130.9 128.4 125.4 122.7 119.5 115.3 110 107.1 105.2 100.4 96.4 92.8 89.3 88.3 87 85.5 83.5 80.6 80 79 77.5 76.1 75.6 76.8 79.5 79 78.6 80 81 80.9 80.9 81.1 80.2 79 77.4 76.1 75.7 75.7 73.1 72.9 72.8 72.7 72.6 72.9 73.2 74.6 76.3 78.3 79.3 80.7 83.5 85.3 88.6 90.6 92 91.7 90.1 90.6 92.9 95 96.8 98.7 104.5 110.6 115.8 120 123.2 125.5 126.9 126.5 124
103.9 109.2 109.3 113.1 114.5 118.5 123.4 126.3 129.5 131.1 130.3 128.8 125.9 123.1 119.9 116.5 112.5 110.1 106.4 101.7 97.8 94.2 91.3 89.6 87.6 84.6 84.7 83.9 82.7 80.5 79.2 77.2 76.2 76.2 78.3 79.9 79.1 80.3 81 81 81 80.9 79.8 78.1 76.4 75.3 75.1 75 72.7 71.6 71.5 71.7 71.1 71.4 72.5 74.5 76.1 77.8 80.2 83.2 86.5 89.3 90.4 90.4 87.9 86.9 86.8 87.5 89.2 91.7 94 99.9 104.9 109 113 118.6 122.5 125.2 126.1 124.4 120.4
101.9 110.5 110.4 112.5 114.9 118.2 123.5 126.2 129.6 131.1 130.7 129.5 126.6 123.8 121.5 118.3 115.7 112.6 107.7 103 99.2 96.1 93.3 90.6 88.6 86.7 85.4 86.1 85.6 82.9 80.1 78.6 78 77.5 77.8 79 79.6 80.3 81.5 81.6 82 80.6 79.1 77.9 75.7 74 74.3 73.9 72.2 70.4 70.8 70.3 69.8 70.4 72.4 74.4 76 77.9 79.9 82.3 86.3 89.7 89.4 87.6 84.9 83 84 85.4 86.1 89.1 94.9 102.2 108.6 110.9 115.7 118.9 122 123.5 123.1 121 117.7
101.5 107.8 109.3 110.7 115.1 118 122.5 126.2 129.6 131 131.1 129.8 127.4 125.1 122.8 120.5 117.9 114.5 109.9 105.8 101.7 98.6 95.3 92.2 89.7 87.6 86.3 86 85.4 83.2 80.2 79 79 78.7 78.6 78.9 80.1 80.8 83 84.1 84 81.2 79.4 77.8 76.3 74.8 73.6 72.9 71.4 69.9 69.3 69.4 69.3 69.5 72 74.3 76 77 78.6 79.5 82.1 84.9 84.8 83.7 81.5 79.7 81.4 83.7 85.3 89 93.4 100.6 105.7 110.5 115.5 118.3 120.9 121.1 117.8 115.1 114.1
99.2 102.6 106.2 109.6 113.2 118 122.5 126.1 129.6 131 131 130.6 127.5 125.3 123.2 121 118.7 116.5 112.7 108.9 105 100.6 97 93.5 90.2 88.1 87 85.1 84.7 82.5 80.2 79 79 79 79 79 80.7 83.1 85.4 86 85.3 81.9 79.7 78.1 76.6 75.3 74.4 73.4 72.7 72.1 70.7 69.2 69.2 69 71.1 73.4 74.8 75.7 76.4 77.3 78.2 80.1 79.6 79.3 79.4 79.1 80.3 83.7 85.7 89.1 93 97.5 102.4 108.5 112.5 114.8 117.7 118 115 110.3 105.2
102.4 106.3 109.2 110.8 114 119.5 123.3 126.6 130.2 131.7 131.9 130.8 127.5 124.7 122.4 120.2 117.5 115.3 111.8 108 104.3 100.3 96.6 93.4 90.9 89.1 88.9 86.1 85.4 83.2 80.8 79 79 79 79 79.9 81.7 84.3 86.1 86.1 85.4 82.6 79.9 78.4 76.9 75.5 74.9 74.1 73.3 72.6 70.4 69.1 69 69 69.9 72.2 73.2 73.7 74.5 75.3 76.2 76.8 76.8 77.2 77.7 79.2 80.9 84 86.5 88.7 92.9 99.1 104 106.8 107.9 105.6 111.2 113.5 114.3 110.2 102.8
104.5 109 112.4 113.9 117.5 121.5 124.1 127.3 130.2 131.8 132.2 131 127.7 124.4 121.8 119.4 115.6 110.8 106.6 103 100 98.3 95.9 93.5 91.4 89.3 88.4 86.7 86.1 84 81.7 79.6 79 80.2 81.6 82.2 82.8 84.5 86.1 86.1 84 80.9 80 78.4 76.7 75.2 74.7 74.4 74 73.1 70.6 69.1 69 69 69.2 70.7 71.2 71.6 72.5 73.5 74.2 74.5 75.2 76.2 78.1 79.9 80.8 83 85.4 88.3 92 97.2 100.9 101.7 100.5 98.6 101.6 105.7 110 108.6 102.3
106.4 109.9 113.5 117.4 120.5 122.8 125.4 128.2 130.6 131.9 132.2 131.5 128.5 124.9 121.3 118.3 115 111.1 107.2 104.1 100.4 98.9 96.3 95.2 92.6 90 88.8 87.1 85.3 84.2 82.3 80.8 80.6 81.9 83.6 84.6 85 85.7 85.8 85.3 81.7 79.7 78.7 77.5 76.3 75.4 74.4 73.3 73.1 73.3 71 69.6 69.2 69.2 69.1 69 69.2 69.6 70.5 71.5 72.4 73.4 74.3 76.2 77.8 79.3 80 81.9 84.4 86.8 88.8 92.6 94.9 96.4 95.6 93 95.8 98.3 100.9 101.5 98.1
108.1 110.9 114 117.8 120.8 122.8 125.7 128.4 130.4 131.7 132.2 132 129.8 126.1 123.4 119.6 116.7 114.7 110.8 108.4 106.9 102.7 98.5 96.6 94.3 91.4 89.1 88.4 85.8 85.5 82.6 81.3 80.8 81.7 83.1 84.8 86 86.1 85.2 82.9 79.7 78.6 77.2 76.4 76 74.6 73.7 72.8 72.2 71.9 71.5 70.3 69.6 69.3 69.3 69.4 69.1 69 69.7 70.5 71.6 72.6 73.3 74.4 75.9 77.4 77.7 79.6 81.8 83.4 85.4 87.4 89.3 91 90.3 88.6 90.8 93.3 93.8 92.6 89.8
109.6 112.5 114.3 118.1 119.8 121.2 124.9 127.6 129.9 131.5 132.1 132.1 130.9 128.4 125.4 122.1 119.4 116.5 112.8 112.6 110.4 104.9 100.4 97.4 94.9 91.7 90.7 89.9 85.5 82.2 79.7 79.5 79.6 80 81 81.8 83.1 82.4 82 79.7 77.7 76.8 75.6 74.9 74.3 73.5 73 72.3 71.4 70.4 70.4 69 69.2 69.1 69.5 69.7 69.4 69.5 70.4 71.2 71.7 71.9 72.8 73.6 74.2 75.4 76.5 77.8 79.8 81.1 82.6 84.7 86.6 86.4 85.3 84.4 87.2 89 89 87.9 84.9
109.6 112.9 116.1 115.9 116.3 118.6 123 123.8 125.4 129.2 131.3 132.2 131.8 129.3 127.4 124.2 121 118.3 116 115.2 111.5 106.6 102.1 98.3 94.9 91.6 89.3 87.2 84.5 82.4 79.6 77.1 77.3 78 78.1 78.2 79.4 79 78.8 76.5 75.6 74.8 74.2 73.6 73 72.4 71.7 71.3 70.9 70.5 69.8 69.7 68.8 68.6 68.7 69.5 69.3 69.3 70.6 72 71.7 70.9 71.7 72.7 73.7 74.2 75 76.4 77.7 79 80.8 83.4 85.8 85.8 82.5 81.8 85 85.7 85.1 83.7 81.2
108.8 112.3 115.1 115.2 112.4 114.6 116 117.2 119.7 124.3 129.7 132.8 133.1 130.8 128.8 125.9 123.1 121.2 118.9 115.8 111.9 107.4 102.6 98.7 96.1 94.4 92.5 90.1 86.4 84.3 80.2 75.2 74.9 75.4 75.3 75.2 75.8 76.2 75.6 74.1 73.5 72.7 72.2 72.3 72.2 71.2 70.6 70.6 70.3 69.9 69.6 69.1 68.5 68.2 67.9 68.4 70 70.1 70.9 71.6 71.4 70.8 70.6 71.5 72.3 73.2 74.2 74.7 76.7 78.3 80.2 81.9 83.4 83.3 81.3 79.3 81.8 82.4 81.3 79.6 78.2
107.8 110.8 112 110.6 106.6 107.1 109.4 110.8 114.9 121 128.3 131.9 133.7 131 129.6 127.4 125.1 122.7 120.5 116 112.1 108.8 105.5 103.1 99.9 97.4 94.5 91.7 87.5 82.5 78.3 75.2 72.7 72.8 72.8 72.6 72.2 72.6 73.1 71.8 71.3 70.6 70.1 70.3 70.4 70.4 70.3 69.8 69.5 69.1 68.9 68.8 68.4 67.9 67.6 66.9 68.8 71 70.5 70.7 70.1 70.2 69.8 70.3 71.6 73.3 74.6 74.9 76.2 77.4 78.3 79.3 79.8 79.3 78.8 78.4 79.3 79.4 79.1 77.4 75.8
103.9 107 106.4 104.3 100.5 100.3 102.4 107 113.5 119.4 127.5 132 133.1 131.2 131 128.1 125.5 123 120 116.9 113.7 111.1 108.3 107.6 103 98.3 95.2 89.5 84.5 79.9 76.4 73.4 69.6 70 70.3 69.8 69.4 69.2 70.1 69.6 69.1 68.5 68.1 68.3 68.4 69.2 69.3 68.9 68.6 68.3 67.9 67.9 67.8 66.8 65.1 65.6 67 68.8 69.3 69.9 69 68.9 69.2 70.1 72.1 73.5 74.5 75.8 75.9 76 77.1 76.7 76.7 76.3 76.2 75.7 76.4 76.9 76.8 75.3 74.1
99.2 101.9 102.1 100.7 96.5 98.5 104 109.6 115.5 121.4 128.1 130.5 131.4 129.8 130.9 128.4 126.3 123.9 120.8 118.2 115.6 112.9 110.9 110.7 105.3 99.1 93.6 87.9 81.1 77.3 75.6 72.4 70.3 69.4 68.6 68.2 68 67.8 68.1 67.6 66.7 66.2 66.2 66.8 67.7 68.2 68.2 67.9 67.6 67.4 67 66.9 67.2 66.5 64.1 63.9 65.4 66.1 66.8 67.9 67.1 68.1 69.6 71 72.3 73.4 74.5 75.9 76 76 76.1 75 73.9 73.9 74 73.8 74.2 75.7 75.5 74.7 74.1
94.3 95.5 96.4 96.1 93.6 98.5 105.4 111.7 117.4 122.7 126.7 125.5 129 128.6 128.5 127.3 126.5 124.9 121.9 120.1 117.3 114.2 114.1 111.1 107.7 101.7 95.3 88.2 80.5 76 73.1 70.4 69.8 67.9 67.3 66.7 66.6 66.5 66.8 66.3 65 64 65.2 66.5 66.9 67.2 67.2 67 66.7 66.4 66.1 66.4 67.1 66.5 64 63.9 64.6 64.4 64 66.1 67.6 69.7 70.1 71.3 72.5 73.5 74.5 76.1 76.1 76 74.8 73.4 72 71.7 71.4 72.1 72.9 73.7 73.6 73.5 74
90.2 91.4 90.7 90.5 92.7 98.5 104.6 109.4 115.2 121.4 124.4 125.1 125.6 126.2 126 125.7 125.4 125.7 123.8 121.1 119.5 118 114.9 111.5 108.4 103 96.2 87.7 81.5 76.6 72.6 69 68.6 66.8 65.6 66.1 65.6 65 65.2 65.4 64.3 64.1 65.8 66.3 66.5 66.7 66.5 65.8 65.5 65.2 65.1 65.9 66.8 66.8 64.1 64 63.9 65 65.8 66.9 68.8 70.4 71.2 71.6 72.2 73.1 74 74.5 74.9 74.2 73.3 71.9 70 69.3 69.3 70.4 71.6 72.1 72.3 72.3 72.9
86.5 87.4 86.7 87.2 91 96.5 100.8 107.1 113.6 118.3 121.3 121.7 121.5 121.4 121.9 120.9 121.1 122.8 124.4 123.2 121.3 118.2 113.3 108.5 104.9 100.2 95.8 87.8 82 77.6 73.2 70.6 68.4 65.8 64.4 64.5 64.9 64.4 64.1 64 64.5 64.6 63.9 66 66.4 66 65.8 65.6 64.6 64.2 64.3 64.4 65 66 63.9 63.9 63.9 66 66.1 68.8 69.8 69.6 70.3 71.3 71.8 72.5 73 73.1 73.1 72.3 71.5 70.6 69.4 69.1 68.6 70.4 70.4 70.7 71 71.3 71.8
83.6 83.8 84.3 86.6 90.5 94.3 98.8 102.8 108.4 114.1 118.1 118.1 118.4 118.7 117.7 116.5 116 120.4 122.9 123.4 121.3 116.5 108.6 103.1 98.9 94.8 91.2 86 79.4 76.2 73 70.5 68.2 65.1 64 63 63.3 62.8 62.8 62.7 63.3 63.9 64.6 65.4 65.5 65.7 65.7 65.1 64.3 63.9 63.7 64.2 64.7 65.3 64.3 64.4 65 65.4 67.5 69.6 70.3 69.5 70.5 70.9 71.3 71.9 72 72.1 71.7 70.9 70.1 69 68.3 68 67.4 69.1 69.2 69.4 69.4 70.1 70.6
80.2 80.5 83.1 86.8 88.7 91.8 95.5 99.2 104.1 111.1 113.9 114 115.6 114.8 113.7 111.6 114.3 118.4 120.4 121.4 120.2 112.7 106.8 99.4 93.8 89.1 85.2 80.6 76.3 73.6 70.5 68.8 66.1 64.1 63.3 62.1 61.7 61.4 61.4 61.5 62 63 64.2 64 63.9 65.6 66 64.5 64.3 63.9 63.4 63.5 63.6 63.5 63.3 63.3 64.1 65.5 65.9 66.2 67.1 67.6 68.4 70.2 70.5 70.8 71 70.9 70.4 69.7 68.4 67 65.9 66.1 66.2 67.5 68.3 68.9 69.5 70.3 70.2
79.3 80.4 82.7 85.5 87.4 89.9 92.3 95.9 102.3 107.8 109.7 110.2 111.8 111.5 108.3 108.1 113.9 117.6 119 118.8 117.7 112.1 106.5 98.7 92.2 86.9 83.2 77.1 74.6 73.5 71.1 68.8 66.2 64.2 63.2 61.9 60.6 60.3 60.3 60.4 61.7 63.1 64.4 64.7 65.4 65.8 65.9 65 64.3 63.8 63.3 62.8 62.7 62.5 61.9 61.9 63.1 64.4 64.8 64.3 64.4 64.6 65.4 67.2 68.6 69.1 69 69 68.7 67.8 66.4 65.3 64.6 64.2 65 66 66.8 67.5 68.6 68.8 69.2
80.4 82.9 85.3 85.4 87.1 88.1 89.7 92.4 99 104.9 105.9 104.3 107.6 107.3 103.6 106.4 111.6 114.9 116.3 116.7 115.7 112.7 107.7 103.2 98.3 94.4 89.1 82.1 77.9 75.6 72.8 70.1 67.4 64.7 63.5 62 60.4 59.4 59.8 60.5 61.7 63.2 64.4 66 66 66 65.5 65.1 64.4 63.6 63.1 62.6 62.1 61.1 60.4 61.5 62.4 63.4 63.8 63.8 64 63.8 63.5 64.4 65.2 66.2 65.3 66.2 66.1 65.4 64.6 64.1 63.6 63.7 64.1 64.6 65.5 66.8 67.4 67.6 67.9
80.6 83.1 85.6 85.9 86.5 85.9 87.3 89.8 95.1 99.1 100.1 101 103.7 102.7 99.5 106.2 109.4 111.9 113.5 115.1 113.7 110.6 107.7 106.1 101.6 96.5 91.1 85 79.1 76.7 73.7 70.4 68.4 64.8 63.3 61.5 60 59.3 60 60.5 61.9 63.6 65.3 66 65.8 65.4 64.9 64.5 64.1 63.7 63 62.4 61.3 59.8 59.3 61.2 62.2 63 63.3 63.2 62.8 62.4 62.1 62.8 63.2 63.6 64.1 64.5 63.8 63.8 63.6 63.1 62.9 63.2 63.7 64.3 65 66 66.2 66.4 66.8
79.2 81.8 84.6 85.4 84.7 84.8 85.3 88.4 92.9 95.9 96.2 97.2 97 97.1 99.5 104.2 107.4 108.6 110.9 112.2 111.7 109.1 107.1 102.7 98 93 88 83 77.5 74.8 72.3 69.8 66.8 64 63.1 61.3 59.5 59.2 59.5 60.9 62.1 63.5 64.8 65 64.8 64.8 64.4 64 63.6 63.1 62.6 62.1 61.2 59.9 59.4 60.9 62 62.5 62.7 62.1 61.6 61.4 61.1 61 61.4 61.6 62 62.4 62.6 62.4 62.2 62 62.6 63.2 63.8 64.4 65.3 65.3 65.6 66 65.6
76.6 80.2 80.6 81.7 82.5 83.9 85.9 89.5 94.1 96.1 93.8 93.6 92.4 94.2 98.4 101.7 104.7 106 108.1 110.6 109.7 108 106.1 102.3 97 92.1 86.7 80.4 76.7 75.3 73.8 71.5 68.9 65.3 63.6 61.2 59.1 59.3 60.5 61.9 62.8 63.2 63.5 63.9 64.5 64.1 63.2 62.7 62.2 61.8 61.5 61 61 60.1 59.4 60.6 61.5 62 61.9 60.9 60.4 60.2 60.8 60.4 59.7 59.8 60.6 61.2 61.3 61.1 61.5 61.8 62.4 63.1 63.7 64 64.1 64.5 65.1 65.1 64.4
74.5 76.3 77.2 78.3 79.6 83.3 87.7 95.7 99 94.1 90.4 89.1 88.2 93.4 96.4 99.4 101.7 102.9 105.1 107.4 107.1 104.4 103.3 99.9 95.5 91 86.5 81.3 77.9 76.8 75.7 72.7 70.3 66.9 64.1 61.6 59.5 59.3 59.8 61.1 61.5 61.9 62.4 63.2 63.7 63.5 62.4 61.4 61 61.1 61.1 60.6 60.3 59.5 59.6 60 60.9 61.5 61.6 60.9 59.5 59.8 60.3 59.7 59 59 59.1 59.8 60.4 60.9 61.2 61.5 62.1 62.9 63.2 63.4 63.5 63.7 64.1 64.2 64.2
73 73.8 74 76.5 79.5 83.7 90.5 99.1 100.1 94.2 88.7 85.5 86.3 92.5 95.8 97.5 98 99.3 102.5 106.1 105.3 101.3 99.4 96.7 93.4 89.2 85.1 80.8 78.1 77.2 76 73.7 71 67.8 65.1 63.2 59.9 58.9 59.3 60.1 60.2 60.6 61.6 62.5 62.1 61.9 61.7 61.1 60.9 61 60.4 59.8 59.1 59.4 59.5 59.4 60.4 61 61.3 60.6 59 59 59 59 59 59 59 59 60.1 60.7 60.9 61.1 61.7 62.4 62.8 63 63.2 63.4 64.1 64.6 63.9
71.7 72.8 74 76.7 80 84.6 92.1 99.1 98.3 93 87.9 84.3 85.2 89.2 92.1 92.8 94.2 97.8 101.4 103.3 102.2 98.3 94.6 92.8 91.1 87.2 82.8 78.6 76.9 75.8 75.7 73.8 71.1 68.3 65.7 62.9 60.2 58.4 58.4 59.6 61 60.8 60.8 61.1 60.5 60.3 60.2 60.1 60.3 60.5 59.8 59.2 59 59.3 59.4 59.7 61 61 61 59.2 59 59 59 59 59 59 59 59 59 59.2 59.9 60.7 61.3 61.6 62.3 62.8 63 63.2 63.8 64.4 64.9
